
=>superpermutations/6/872/872.a51cfad.txt
1 24563   4 16325, 4 13256, 5 12463, 6 14532, 6 15324
1 26534   6 12534, 6 14253, 3 16542, 3 15426, 4 13265
2 14365   4 13265, 4 13625, 6 14352, 6 14235, 5 12436
2 16453   6 14532, 6 14253, 6 14523, 5 12643, 5 16243
3 15426   1 26534
3 15462   4 13562
3 15642   4 13562
3 16542   1 26534
4 13256   1 24563
4 13265   1 26534, 2 14365
4 13562   3 15462, 3 15642, 6 13524, 6 14352, 6 13452
4 13625   2 14365
4 16325   1 24563
5 12436   2 14365
5 12463   1 24563
5 12643   2 16453
5 16243   2 16453
6 12345   
6 12354   
6 12534   1 26534
6 13452   4 13562
6 13524   4 13562
6 14235   2 14365
6 14253   1 26534, 2 16453
6 14352   4 13562, 2 14365
6 14523   2 16453
6 14532   1 24563, 2 16453
6 15234   
6 15324   1 24563


=>superpermutations/6/872/872.ae2cde3.txt
1 23564   2 15643, 3 16425, 3 14256, 6 12354, 6 13542
1 24365   2 16543, 2 15436, 6 12435, 6 14352, 5 13624
2 14653   6 14532, 6 12453, 6 14523, 3 14265, 3 14625
2 15436   1 24365
2 15463   4 15632
2 15643   1 23564, 4 15632
2 16543   1 24365
3 14256   1 23564
3 14265   2 14653
3 14625   2 14653
3 16425   1 23564
4 13526   5 13264, 5 13246, 6 14352, 6 13452, 6 13542
4 15632   5 16324, 6 14532, 6 15342, 2 15463, 2 15643
5 13246   4 13526
5 13264   4 13526
5 13624   1 24365
5 16324   4 15632
6 12345   
6 12354   1 23564
6 12435   1 24365
6 12453   2 14653
6 12534   
6 13452   4 13526
6 13542   1 23564, 4 13526
6 14352   1 24365, 4 13526
6 14523   2 14653
6 14532   4 15632, 2 14653
6 15234   
6 15342   4 15632


=>superpermutations/6/872/872.536e453.txt
1 24365   2 16543, 2 15436, 6 12435, 6 14352, 6 13524
1 24536   3 14562
1 24563   4 12563, 3 14562
1 24653   4 13265
1 26453   4 13265
2 15436   1 24365
2 15463   4 12563
2 15643   4 12563
2 16543   1 24365
3 14562   1 24536, 1 24563, 5 13462, 6 14523, 6 14352
3 16425   6 14253, 6 14325, 6 14235, 5 13642, 5 16342
4 12563   1 24563, 2 15463, 2 15643, 6 12534, 6 14253
4 13265   1 24653, 1 26453, 6 13254, 6 14325, 5 13426
5 13426   4 13265
5 13462   3 14562
5 13642   3 16425
5 16342   3 16425
6 12345   
6 12354   
6 12435   1 24365
6 12534   4 12563
6 13254   4 13265
6 13524   1 24365
6 14235   3 16425
6 14253   4 12563, 3 16425
6 14325   4 13265, 3 16425
6 14352   1 24365, 3 14562
6 14523   3 14562
6 15234   


=>superpermutations/6/872/872.da49536.txt
1 24356   2 15643
1 24365   2 13654, 3 14652
1 24563   4 16325, 4 13256, 6 12453, 6 14532, 6 15324
1 24635   3 14652
1 26435   2 15643
2 13654   1 24365, 6 13542, 6 12354, 4 13265, 4 13625
2 15643   1 26435, 1 24356, 5 16423, 6 15432, 6 12543
3 14652   1 24365, 1 24635, 6 13452, 6 14532, 5 14623
3 15426   5 14263, 5 14236, 6 13542, 6 15342, 6 15432
4 13256   1 24563
4 13265   2 13654
4 13625   2 13654
4 16325   1 24563
5 14236   3 15426
5 14263   3 15426
5 14623   3 14652
5 16423   2 15643
6 12345   
6 12354   2 13654
6 12453   1 24563
6 12534   
6 12543   2 15643
6 13452   3 14652
6 13542   3 15426, 2 13654
6 14532   1 24563, 3 14652
6 15234   
6 15324   1 24563
6 15342   3 15426
6 15432   3 15426, 2 15643


=>superpermutations/6/872/872.bdfb75e.txt
1 24356   2 15643
1 24365   3 12465
1 24635   3 12465
1 26435   2 15643
2 14536   3 14256
2 14563   3 14256
2 14653   4 16532, 3 12465
2 15643   1 26435, 1 24356, 6 15432, 6 12543, 6 15423
2 16453   4 16532
3 12465   1 24365, 1 24635, 2 14653, 6 13245, 6 12345
3 14256   2 14563, 2 14536, 5 13426, 6 14325, 6 14235
4 13625   6 13254, 6 14325, 6 13245, 5 13462, 5 13642
4 16532   6 15324, 6 15432, 5 16342, 2 14653, 2 16453
5 13426   3 14256
5 13462   4 13625
5 13642   4 13625
5 16342   4 16532
6 12345   3 12465
6 12354   
6 12534   
6 12543   2 15643
6 13245   3 12465, 4 13625
6 13254   4 13625
6 14235   3 14256
6 14325   4 13625, 3 14256
6 15234   
6 15324   4 16532
6 15423   2 15643
6 15432   4 16532, 2 15643


=>superpermutations/6/872/872.0d8e124.txt
1 24536   3 15624
1 24563   3 15624
1 24653   4 13265
1 26453   4 13265
2 14356   4 13562, 4 13526, 5 14236, 6 12435, 6 14325
2 15463   5 14263, 5 14623, 6 15432, 6 12543, 6 15243
3 15624   1 24536, 1 24563, 6 15243, 6 15234, 4 13562
3 16542   6 15342, 6 15432, 5 16423, 4 13652, 4 16352
4 13265   1 24653, 1 26453, 6 13254, 6 14325, 6 13425
4 13526   2 14356
4 13562   3 15624, 2 14356
4 13652   3 16542
4 16352   3 16542
5 14236   2 14356
5 14263   2 15463
5 14623   2 15463
5 16423   3 16542
6 12345   
6 12354   
6 12435   2 14356
6 12534   
6 12543   2 15463
6 13254   4 13265
6 13425   4 13265
6 14325   4 13265, 2 14356
6 15234   3 15624
6 15243   2 15463, 3 15624
6 15342   3 16542
6 15432   3 16542, 2 15463


=>superpermutations/6/872/872.91f54d5.txt
1 24635   6 12435, 6 14352, 6 15243, 5 16324, 5 13246
1 26543   6 12543, 6 14325, 5 13264, 3 16542, 3 15426
2 14536   3 14256
2 14563   3 14256
2 14653   4 16523
2 16453   4 16523
3 14256   2 14563, 2 14536, 6 13425, 6 14325, 6 14235
3 15426   1 26543
3 15462   4 13562
3 15642   4 13562
3 16542   1 26543, 4 16523
4 13562   3 15462, 3 15642, 5 13624, 6 14352, 6 13452
4 16523   6 15234, 6 15243, 2 14653, 2 16453, 3 16542
5 13246   1 24635
5 13264   1 26543
5 13624   4 13562
5 16324   1 24635
6 12345   
6 12354   
6 12435   1 24635
6 12534   
6 12543   1 26543
6 13425   3 14256
6 13452   4 13562
6 14235   3 14256
6 14325   1 26543, 3 14256
6 14352   1 24635, 4 13562
6 15234   4 16523
6 15243   1 24635, 4 16523


=>superpermutations/6/872/872.5618637.txt
1 24536   5 12436, 5 16243, 6 14532, 6 15324, 6 13245
1 25643   5 12643, 6 15432, 6 13254, 3 16425, 3 14256
2 13456   3 14256, 4 13562, 4 13526, 6 12345, 6 13245
2 14653   6 14532, 6 14523, 5 12463, 3 14265, 3 14625
3 14256   1 25643, 2 13456
3 14265   2 14653
3 14625   2 14653
3 16425   1 25643
3 16542   6 15423, 6 15342, 6 15432, 4 13652, 4 16352
4 13526   2 13456
4 13562   2 13456
4 13652   3 16542
4 16352   3 16542
5 12436   1 24536
5 12463   2 14653
5 12643   1 25643
5 16243   1 24536
6 12345   2 13456
6 12354   
6 12534   
6 13245   1 24536, 2 13456
6 13254   1 25643
6 14523   2 14653
6 14532   1 24536, 2 14653
6 15234   
6 15324   1 24536
6 15342   3 16542
6 15423   3 16542
6 15432   1 25643, 3 16542
