5 1234   
5 1243   
5 1324   
5 1342   
5 1423   
5 1432   


4 1325   
4 1352   
4 1532   
5 1234   
5 1243   
5 1423   


1 2453   4 1325, 5 1243
3 1542   5 1423, 4 1352
4 1325   1 2453
4 1352   3 1542
5 1234   
5 1243   1 2453
5 1423   3 1542


1 2543   5 1243, 5 1324
3 1452   5 1423, 5 1342
5 1234   
5 1243   1 2543
5 1324   1 2543
5 1342   3 1452
5 1423   3 1452


1 2453   5 1243, 5 1432
2 1354   5 1342, 5 1234
5 1234   2 1354
5 1243   1 2453
5 1342   2 1354
5 1423   
5 1432   1 2453


2 1354   5 1234, 4 1325
3 1452   4 1532, 5 1423
4 1325   2 1354
4 1532   3 1452
5 1234   2 1354
5 1243   
5 1423   3 1452


1 2543   5 1243, 4 1532
2 1345   4 1352, 5 1234
4 1352   2 1345
4 1532   1 2543
5 1234   2 1345
5 1243   1 2543
5 1423   


2 1345   5 1234, 5 1324
3 1542   5 1423, 5 1432
5 1234   2 1345
5 1243   
5 1324   2 1345
5 1423   3 1542
5 1432   3 1542


