123456
123564
123645
124365
124536
124653
125346
125463
125634
126354
126435
126543
132465
132546
132654
134256
134562
134625
135264
135426
135642
136245
136452
136524
142356
142563
142635
143265
143526
143652
145236
145362
145623
146253
146325
146532
152364
152436
152643
153246
153462
153624
154263
154326
154632
156234
156342
156423
162345
162453
162534
163254
163425
163542
164235
164352
164523
165243
165324
165432
213465
213546
213654
214356
214563
214635
215364
215436
215643
216345
216453
216534
231456
231564
231645
234165
234516
234651
235146
235461
235614
236154
236415
236541
241365
241536
241653
243156
243561
243615
245163
245316
245631
246135
246351
246513
251346
251463
251634
253164
253416
253641
254136
254361
254613
256143
256314
256431
261354
261435
261543
263145
263451
263514
264153
264315
264531
265134
265341
265413
312456
312564
312645
314265
314526
314652
315246
315462
315624
316254
316425
316542
321465
321546
321654
324156
324561
324615
325164
325416
325641
326145
326451
326514
341256
341562
341625
342165
342516
342651
345126
345261
345612
346152
346215
346521
351264
351426
351642
352146
352461
352614
354162
354216
354621
356124
356241
356412
361245
361452
361524
362154
362415
362541
364125
364251
364512
365142
365214
365421
412365
412536
412653
413256
413562
413625
415263
415326
415632
416235
416352
416523
421356
421563
421635
423165
423516
423651
425136
425361
425613
426153
426315
426531
431265
431526
431652
432156
432561
432615
435162
435216
435621
436125
436251
436512
451236
451362
451623
452163
452316
452631
453126
453261
453612
456132
456213
456321
461253
461325
461532
462135
462351
462513
463152
463215
463521
465123
465231
465312
512346
512463
512634
513264
513426
513642
514236
514362
514623
516243
516324
516432
521364
521436
521643
523146
523461
523614
524163
524316
524631
526134
526341
526413
531246
531462
531624
532164
532416
532641
534126
534261
534612
536142
536214
536421
541263
541326
541632
542136
542361
542613
543162
543216
543621
546123
546231
546312
561234
561342
561423
562143
562314
562431
563124
563241
563412
564132
564213
564321
612354
612435
612543
613245
613452
613524
614253
614325
614532
615234
615342
615423
621345
621453
621534
623154
623415
623541
624135
624351
624513
625143
625314
625431
631254
631425
631542
632145
632451
632514
634152
634215
634521
635124
635241
635412
641235
641352
641523
642153
642315
642531
643125
643251
643512
645132
645213
645321
651243
651324
651432
652134
652341
652413
653142
653214
653421
654123
654231
654312
