123456
123465
123546
123564
123645
123654
124356
124365
124536
124563
124635
124653
125346
125364
125436
125463
125634
125643
126345
126354
126435
126453
126534
126543
142356
142365
142536
142563
142635
142653
145236
145263
145623
146235
146253
146523
152346
152364
152436
152463
152634
152643
154236
154263
154623
156234
156243
156423
162345
162354
162435
162453
162534
162543
164235
164253
164523
165234
165243
165423
231456
231465
231546
231564
231645
231654
234156
234165
234516
234561
234615
234651
235146
235164
235416
235461
235614
235641
236145
236154
236415
236451
236514
236541
243156
243165
243516
243561
243615
243651
245316
245361
245631
246315
246351
246531
253146
253164
253416
253461
253614
253641
254316
254361
254631
256314
256341
256431
263145
263154
263415
263451
263514
263541
264315
264351
264531
265314
265341
265431
312456
312465
312546
312564
312645
312654
314256
314265
314526
314562
314625
314652
315246
315264
315426
315462
315624
315642
316245
316254
316425
316452
316524
316542
341256
341265
341526
341562
341625
341652
345126
345162
345612
346125
346152
346512
351246
351264
351426
351462
351624
351642
354126
354162
354612
356124
356142
356412
361245
361254
361425
361452
361524
361542
364125
364152
364512
365124
365142
365412
412356
412365
412536
412563
412635
412653
415236
415263
415623
416235
416253
416523
423156
423165
423516
423561
423615
423651
425316
425361
425631
426315
426351
426531
431256
431265
431526
431562
431625
431652
435126
435162
435612
436125
436152
436512
451236
451263
451623
452316
452361
452631
453126
453162
453612
456123
456231
456312
461235
461253
461523
462315
462351
462531
463125
463152
463512
465123
465231
465312
512346
512364
512436
512463
512634
512643
514236
514263
514623
516234
516243
516423
523146
523164
523416
523461
523614
523641
524316
524361
524631
526314
526341
526431
531246
531264
531426
531462
531624
531642
534126
534162
534612
536124
536142
536412
541236
541263
541623
542316
542361
542631
543126
543162
543612
546123
546231
546312
561234
561243
561423
562314
562341
562431
563124
563142
563412
564123
564231
564312
612345
612354
612435
612453
612534
612543
614235
614253
614523
615234
615243
615423
623145
623154
623415
623451
623514
623541
624315
624351
624531
625314
625341
625431
631245
631254
631425
631452
631524
631542
634125
634152
634512
635124
635142
635412
641235
641253
641523
642315
642351
642531
643125
643152
643512
645123
645231
645312
651234
651243
651423
652314
652341
652431
653124
653142
653412
654123
654231
654312
