
=>superpermutations/6/872/872.9a78cb0.txt
2 14365   4 13652, 5 12436
2 15643   6 15432, 6 12543
2 16435   4 16352, 4 16325
2 16453   6 14532, 4 16523
3 14256   5 14263, 6 13425
3 14526   5 14263, 6 14532
3 15426   5 14263, 6 15342, 6 15432
4 13562   5 13624
4 13652   5 13624, 2 14365
4 16325   6 13425, 2 16435
4 16352   2 16435
4 16523   6 15234, 5 14623, 2 16453
5 12436   2 14365, 6 12543
5 12463   6 12543
5 13246   6 15324
5 13264   6 15324
5 13624   6 15324, 4 13562, 4 13652
5 14263   3 15426, 3 14526, 3 14256
5 14623   4 16523
6 12345   
6 12354   
6 12534   
6 12543   2 15643, 5 12436, 5 12463
6 13425   3 14256, 4 16325
6 14532   3 14526, 2 16453
6 15234   4 16523
6 15324   5 13246, 5 13624, 5 13264
6 15342   3 15426
6 15432   3 15426, 2 15643


=>superpermutations/6/872/872.79c4e32.txt
1 26534   6 12534, 5 16342
1 26543   2 15436, 6 14325, 5 13264
2 15436   1 26543, 4 15362
2 15463   5 14623
2 15643   5 16243, 5 16423
3 14256   6 14325, 6 14235
3 14526   6 13452, 6 14352, 6 14532
4 13625   6 14325
4 15362   6 14532, 2 15436
5 13246   6 13524
5 13264   1 26543, 6 13524
5 14623   6 14235, 2 15463
5 16243   6 12435, 6 12453, 2 15643
5 16324   6 13524
5 16342   1 26534, 6 13542, 6 13452
5 16423   6 14235, 2 15643
6 12345   
6 12354   
6 12435   5 16243
6 12453   5 16243
6 12534   1 26534
6 13452   3 14526, 5 16342
6 13524   5 13246, 5 16324, 5 13264
6 13542   5 16342
6 14235   3 14256, 5 16423, 5 14623
6 14325   1 26543, 4 13625, 3 14256
6 14352   3 14526
6 14532   4 15362, 3 14526
6 15234   


=>superpermutations/6/872/872.5f69752.txt
2 13456   4 13526, 5 13462, 6 12345
2 14536   4 15326
2 14563   4 15632, 5 12463
2 14653   5 12463
2 15436   4 15326, 6 15423
3 16425   6 14325, 6 14235, 5 13642
3 16452   6 14352, 5 13642
3 16542   6 15423, 5 13642
4 13265   6 13254, 6 14325
4 13526   2 13456, 6 14352
4 15326   2 14536, 2 15436
4 15632   5 16324, 2 14563
5 12463   2 14563, 2 14653, 6 12435
5 12643   6 12435
5 13462   2 13456
5 13624   6 13254
5 13642   3 16425, 3 16542, 3 16452
5 16243   6 12435
5 16324   6 13254, 4 15632
6 12345   2 13456
6 12354   
6 12435   5 16243, 5 12643, 5 12463
6 12534   
6 13254   5 16324, 5 13624, 4 13265
6 14235   3 16425
6 14325   4 13265, 3 16425
6 14352   4 13526, 3 16452
6 15234   
6 15423   2 15436, 3 16542


=>superpermutations/6/872/872.870c396.txt
1 23564   5 13642, 5 14236, 6 12354
1 24356   5 12436, 6 14352, 6 13524
1 24536   4 13625, 5 12436
1 24563   4 16325, 4 13256
1 24653   4 13265
1 26453   4 13265, 5 12643
2 14635   4 16325, 6 14352
2 15463   6 15432
2 16543   6 15432, 5 12643
4 13256   1 24563, 5 13426
4 13265   1 24653, 1 26453, 5 13426
4 13625   1 24536, 5 13462, 5 13642
4 16325   1 24563, 2 14635, 5 16342
5 12436   1 24536, 1 24356
5 12643   1 26453, 2 16543
5 13426   4 13265, 4 13256
5 13462   4 13625
5 13642   1 23564, 4 13625
5 14236   1 23564, 6 14523, 6 14253
5 16342   4 16325
6 12345   
6 12354   1 23564
6 12534   
6 13524   1 24356
6 14253   5 14236
6 14352   1 24356, 2 14635
6 14523   5 14236
6 15234   
6 15432   2 16543, 2 15463


=>superpermutations/6/872/872.c19898c.txt
1 24356   5 12436
1 24635   3 14652
1 25463   3 14625
2 13654   6 12354, 5 13264
2 14563   6 12453
2 16543   6 15423, 5 12643
3 14265   5 13426, 5 14326, 5 14236
3 14625   1 25463, 5 13462
3 14652   1 24635, 5 13462
3 15642   5 16342, 6 15423, 4 15362
3 16425   5 16342
3 16452   5 16342
4 15362   5 13462, 3 15642, 6 15324
5 12436   1 24356, 6 12453
5 12643   2 16543, 6 12453
5 13264   2 13654, 6 13245, 6 15324
5 13426   3 14265
5 13462   3 14625, 3 14652, 4 15362
5 14236   3 14265, 6 15423
5 14326   3 14265
5 16342   3 16425, 3 15642, 3 16452
6 12345   
6 12354   2 13654
6 12453   2 14563, 5 12436, 5 12643
6 12534   
6 13245   5 13264
6 15234   
6 15324   5 13264, 4 15362
6 15423   5 14236, 2 16543, 3 15642


=>superpermutations/6/872/872.eeb7a10.txt
1 24563   6 14532, 6 15324
1 25463   6 12543, 6 15432, 6 14325
2 16435   6 14325, 4 16352
2 16453   6 14532
3 12465   6 12345, 5 12436
3 14652   4 16352, 6 14532, 5 14623
4 13526   5 13264
4 13562   5 13624, 5 13642
4 16352   3 14652, 2 16435
5 12436   3 12465, 6 15243, 6 12543
5 13264   6 15324, 4 13526
5 13624   6 15324, 4 13562
5 13642   6 13425, 6 15342, 4 13562
5 14236   6 15423
5 14263   6 15423
5 14623   6 15423, 3 14652
6 12345   3 12465
6 12354   
6 12534   
6 12543   1 25463, 5 12436
6 13425   5 13642
6 14325   1 25463, 2 16435
6 14532   1 24563, 3 14652, 2 16453
6 15234   
6 15243   5 12436
6 15324   1 24563, 5 13624, 5 13264
6 15342   5 13642
6 15423   5 14236, 5 14623, 5 14263
6 15432   1 25463


=>superpermutations/6/872/872.5fc936a.txt
1 24536   6 14532
1 25436   3 15462, 6 14325
2 14635   6 14352, 6 12435, 6 14325
2 14653   6 14532, 6 14523
3 15426   5 14236
3 15462   1 25436, 4 15632
3 16542   5 16423, 5 13642
4 12563   5 12643, 6 12534
4 15632   5 16324, 6 14532, 3 15462
5 12643   6 12435, 6 15243, 4 12563
5 13246   6 13524
5 13264   6 13524
5 13642   3 16542, 6 13425, 6 13452
5 14236   3 15426, 6 14523
5 16324   6 13524, 4 15632
5 16423   6 14523, 3 16542
6 12345   
6 12354   
6 12435   2 14635, 5 12643
6 12534   4 12563
6 13425   5 13642
6 13452   5 13642
6 13524   5 13246, 5 16324, 5 13264
6 14325   1 25436, 2 14635
6 14352   2 14635
6 14523   5 14236, 5 16423, 2 14653
6 14532   1 24536, 4 15632, 2 14653
6 15234   
6 15243   5 12643


=>superpermutations/6/872/872.1454579.txt
1 24365   6 12435, 6 14352
1 25436   3 14625, 6 13254
1 26543   6 13254, 4 15326, 3 14265
2 14536   4 15326, 3 14256, 6 14523
2 15643   6 15423, 3 15624
2 16453   6 14523, 3 16425
3 14256   2 14536
3 14265   1 26543
3 14625   1 25436, 5 13462, 5 14632
3 15624   5 16324, 6 15234, 2 15643
3 16425   2 16453, 5 13642, 5 16342
4 13526   6 14352
4 15326   1 26543, 2 14536
5 12463   6 12435
5 13462   3 14625
5 13642   3 16425
5 14632   6 14352, 3 14625
5 16324   6 13245, 6 13254, 3 15624
5 16342   3 16425
6 12345   
6 12354   
6 12435   1 24365, 5 12463
6 12534   
6 13245   5 16324
6 13254   1 25436, 1 26543, 5 16324
6 14352   1 24365, 4 13526, 5 14632
6 14523   2 14536, 2 16453
6 15234   3 15624
6 15423   2 15643


=>superpermutations/6/872/872.e1fc703.txt
1 24356   5 12436, 6 14352
1 24635   6 14352
1 25463   6 15432, 3 14625
2 13654   6 12354, 5 13642, 5 13264
2 14536   5 12436, 3 14256
2 14563   3 14256
2 14653   3 14265, 3 14625
2 16453   5 12643, 3 16425
2 16543   6 15432, 6 15423, 5 12643
3 14256   2 14563, 2 14536, 5 13426
3 14265   2 14653, 5 13426
3 14625   1 25463, 2 14653, 5 13462
3 16425   2 16453, 5 13642, 5 16342
5 12436   1 24356, 2 14536
5 12643   2 16543, 2 16453
5 13264   2 13654, 6 13245, 6 15324
5 13426   3 14265, 3 14256
5 13462   3 14625
5 13642   3 16425, 2 13654
5 16342   3 16425
6 12345   
6 12354   2 13654
6 12534   
6 13245   5 13264
6 14352   1 24635, 1 24356
6 15234   
6 15324   5 13264
6 15423   2 16543
6 15432   1 25463, 2 16543


=>superpermutations/6/872/872.41274e2.txt
1 24365   4 16523, 6 13524
1 24536   4 13625, 6 15324
1 26453   6 15324, 4 13265, 3 14526
2 14356   4 13256, 3 14526, 6 14235
2 15643   6 15432, 6 12543
2 16435   6 14235, 4 16325
3 14526   1 26453, 2 14356, 6 13452
3 15426   6 13542, 6 15342, 6 15432
4 13256   2 14356
4 13265   1 26453
4 13625   1 24536
4 16325   2 16435, 5 14632
4 16523   1 24365, 6 15234, 5 14623
5 12463   6 12543
5 14623   4 16523, 6 14235, 6 14253
5 14632   4 16325, 6 15432
6 12345   
6 12354   
6 12534   
6 12543   2 15643, 5 12463
6 13452   3 14526
6 13524   1 24365
6 13542   3 15426
6 14235   2 14356, 2 16435, 5 14623
6 14253   5 14623
6 15234   4 16523
6 15324   1 24536, 1 26453
6 15342   3 15426
6 15432   5 14632, 3 15426, 2 15643


=>superpermutations/6/872/872.73a3a7b.txt
1 25436   2 16543, 5 12436, 6 13254
2 14356   4 13526, 5 12436
2 14536   4 15326, 5 12436
2 14563   5 14632, 5 12463, 5 14623
2 16435   5 12643
2 16453   5 12643
2 16543   1 25436, 6 15423, 5 12643
3 14265   6 13425
3 15624   5 16324, 6 15234
3 15642   5 16342, 6 15423
4 13526   2 14356
4 13652   5 13462
4 15326   2 14536
5 12436   1 25436, 2 14536, 2 14356
5 12463   2 14563
5 12643   2 16435, 2 16543, 2 16453
5 13462   4 13652, 6 13425
5 14623   6 15423, 2 14563
5 14632   2 14563
5 16324   6 13245, 6 13254, 3 15624
5 16342   6 13425, 3 15642
6 12345   
6 12354   
6 12534   
6 13245   5 16324
6 13254   1 25436, 5 16324
6 13425   3 14265, 5 16342, 5 13462
6 15234   3 15624
6 15423   5 14623, 2 16543, 3 15642


=>superpermutations/6/872/872.6b1fb48.txt
1 23564   6 12354
1 23654   2 15436, 6 12354
1 24563   4 16325, 6 15324
1 25643   4 16325
1 26435   6 12435, 4 16352
2 13546   6 12354
2 14536   5 14362
2 15436   1 23654, 5 14362
2 15463   5 14263, 5 14623
2 16453   4 16532, 4 12653, 5 16243
4 12653   2 16453, 6 12534, 5 14263
4 13265   6 13425
4 16325   1 25643, 1 24563, 6 13425
4 16352   1 26435, 6 13452
4 16532   6 15324, 6 15342, 2 16453
5 13624   6 15324
5 14263   4 12653, 2 15463
5 14362   2 15436, 2 14536
5 14623   2 15463
5 16243   6 12435, 2 16453
6 12345   
6 12354   1 23654, 1 23564, 2 13546
6 12435   1 26435, 5 16243
6 12534   4 12653
6 13425   4 16325, 4 13265
6 13452   4 16352
6 15234   
6 15324   1 24563, 5 13624, 4 16532
6 15342   4 16532


=>superpermutations/6/872/872.8e11050.txt
1 24635   5 14632, 5 16324, 5 13246
1 25436   5 12436, 5 13624, 5 16243
1 26543   5 12643, 5 13264
2 14653   5 14632
3 14256   4 12563, 5 13426, 6 14235
3 14526   5 13426
3 14562   5 13462, 5 14632
3 15642   5 16342, 6 15423
3 16425   6 14235, 5 16342
3 16452   4 13652, 5 16342
4 12563   5 12643, 6 12534, 3 14256
4 13652   3 16452, 5 13624, 5 13462
5 12436   1 25436
5 12643   1 26543, 4 12563
5 13246   1 24635
5 13264   1 26543
5 13426   3 14526, 3 14256
5 13462   3 14562, 4 13652
5 13624   1 25436, 4 13652
5 14632   1 24635, 3 14562, 2 14653
5 16243   1 25436
5 16324   1 24635
5 16342   3 16425, 3 15642, 3 16452
6 12345   
6 12354   
6 12534   4 12563
6 14235   3 14256, 3 16425
6 15234   
6 15423   3 15642


=>superpermutations/6/872/872.2a79b71.txt
1 24536   4 13625, 3 14562, 3 15624
1 25634   5 14263, 6 12534, 6 15342
1 25643   5 12643
2 15436   5 14236, 4 15326
2 16543   5 12643, 5 16423
3 14562   1 24536, 5 14623, 5 14632
3 15624   1 24536, 5 16324, 6 15234
3 16452   4 13652, 5 16423
4 13265   5 13246
4 13526   5 13246, 6 13542
4 13625   1 24536
4 13652   3 16452, 6 13542
4 15326   5 13246, 2 15436, 6 15342
5 12463   6 12435
5 12643   1 25643, 2 16543, 6 12435
5 13246   4 13265, 4 15326, 4 13526
5 14236   2 15436
5 14263   1 25634
5 14623   3 14562
5 14632   3 14562
5 16324   3 15624
5 16423   2 16543, 3 16452
6 12345   
6 12354   
6 12435   5 12643, 5 12463
6 12534   1 25634
6 13542   4 13526, 4 13652
6 15234   3 15624
6 15342   1 25634, 4 15326


=>superpermutations/6/872/872.8fc85e6.txt
1 23564   5 14236, 6 12354, 4 13562
1 24536   4 13625, 5 12436, 5 16243
1 24563   4 16325
1 24653   3 14652
1 26453   5 12643, 5 14326, 3 16452
2 14635   4 16325, 3 14652
2 15463   6 15432
3 14652   1 24653, 6 14523, 2 14635
3 16452   1 26453, 6 14523
3 16542   6 15342, 6 15432
4 13562   1 23564, 6 13524
4 13625   1 24536, 6 13254
4 16325   1 24563, 6 13254, 2 14635
5 12436   1 24536
5 12643   1 26453
5 13426   6 15342
5 14236   1 23564, 6 14523, 6 14253
5 14326   1 26453, 6 15432
5 16243   1 24536
6 12345   
6 12354   1 23564
6 12534   
6 13254   4 16325, 4 13625
6 13524   4 13562
6 14253   5 14236
6 14523   5 14236, 3 16452, 3 14652
6 15234   
6 15342   5 13426, 3 16542
6 15432   5 14326, 3 16542, 2 15463


=>superpermutations/6/872/872.301758c.txt
1 24365   4 16523, 6 12435, 5 13624
1 24635   6 12435, 5 16324
1 24653   6 12453, 5 16324
1 25436   5 13624
1 25463   5 16324, 4 13256
1 26543   5 16432, 5 13264
2 15643   5 16432
3 14526   5 14263, 5 13426, 5 14236
3 14562   5 14623, 5 13462
3 16425   5 13642, 5 16342, 5 16432
4 13256   1 25463, 5 13264, 5 13426
4 16523   1 24365, 6 15234, 5 14623
5 13264   1 26543, 4 13256
5 13426   3 14526, 4 13256
5 13462   3 14562
5 13624   1 24365, 1 25436
5 13642   3 16425
5 14236   3 14526
5 14263   3 14526
5 14623   4 16523, 3 14562
5 16324   1 24653, 1 24635, 1 25463
5 16342   3 16425
5 16432   1 26543, 3 16425, 2 15643
6 12345   
6 12354   
6 12435   1 24635, 1 24365
6 12453   1 24653
6 12534   
6 15234   4 16523


=>superpermutations/6/872/872.701696a.txt
1 24563   5 14632
2 14356   5 12436, 5 14236
2 15463   5 14632, 5 14263, 5 14623
2 16435   5 12643, 5 16243, 5 16423
3 12465   4 13265, 6 12345, 5 12436
3 15642   5 16423, 5 16342, 4 15362
4 13265   3 12465, 6 13254, 5 13426
4 13625   6 13254, 5 13462
4 13652   6 13524, 5 13462
4 15326   5 13426
4 15362   5 13462, 3 15642
4 16532   5 14632, 5 16342
5 12436   2 14356, 3 12465
5 12643   2 16435
5 13426   4 13265, 4 15326
5 13462   4 13625, 4 15362, 4 13652
5 14236   2 14356
5 14263   2 15463
5 14623   2 15463
5 14632   1 24563, 4 16532, 2 15463
5 16243   2 16435
5 16342   3 15642, 4 16532
5 16423   2 16435, 3 15642
6 12345   3 12465
6 12354   
6 12534   
6 13254   4 13625, 4 13265
6 13524   4 13652
6 15234   


=>superpermutations/6/872/872.893f685.txt
1 23564   5 14236, 6 12354, 4 13562
1 24536   4 13625
1 24563   4 16325
1 24653   3 14652
1 26453   5 14326, 3 16452
2 14635   4 16325, 6 12435, 3 14652
2 15463   6 15432, 6 12543, 6 15243
3 14652   1 24653, 6 14523, 2 14635
3 16452   1 26453, 6 14523
3 16542   6 15342, 6 15432
4 13562   1 23564, 6 13524
4 13625   1 24536, 6 13254
4 16325   1 24563, 6 13254, 2 14635
5 13426   6 15342
5 14236   1 23564, 6 14523, 6 14253
5 14326   1 26453, 6 15432
6 12345   
6 12354   1 23564
6 12435   2 14635
6 12534   
6 12543   2 15463
6 13254   4 16325, 4 13625
6 13524   4 13562
6 14253   5 14236
6 14523   5 14236, 3 16452, 3 14652
6 15234   
6 15243   2 15463
6 15342   5 13426, 3 16542
6 15432   5 14326, 3 16542, 2 15463


=>superpermutations/6/872/872.4c1c28f.txt
1 24365   5 13624, 5 16243
1 24635   5 16324
1 26435   2 14356, 3 16452
2 13456   5 13462, 6 12345
2 14356   1 26435, 5 14236, 6 14325
3 16425   6 14325
3 16452   1 26435, 6 14532
4 13265   6 13254, 6 14325
4 15326   6 14532, 6 15432, 6 15342
5 13462   6 15342, 6 13542, 2 13456
5 13624   1 24365, 6 13254
5 14236   2 14356, 6 15423
5 14263   6 15423
5 14623   6 15423
5 16243   1 24365, 6 12543, 6 12453
5 16324   1 24635, 6 13254
6 12345   2 13456
6 12354   
6 12453   5 16243
6 12534   
6 12543   5 16243
6 13254   5 16324, 5 13624, 4 13265
6 13542   5 13462
6 14325   4 13265, 3 16425, 2 14356
6 14532   4 15326, 3 16452
6 15234   
6 15342   5 13462, 4 15326
6 15423   5 14236, 5 14623, 5 14263
6 15432   4 15326


=>superpermutations/6/872/872.f22076d.txt
1 24635   6 14352
1 25463   6 15432, 3 14625
2 13654   6 12354, 5 13264
2 14365   3 14625, 6 14352, 5 12436
3 14256   5 14263, 5 13426
3 14625   1 25463, 2 14365
3 16425   5 16342
4 13562   6 14352, 6 13452
4 15362   6 15324, 6 14532, 6 15432
5 12436   2 14365, 6 12453
5 12643   6 12453
5 13264   2 13654, 6 13245, 6 15324
5 13426   3 14256, 6 13452
5 14263   6 15423, 6 14523, 3 14256
5 16243   6 12453
5 16342   6 13452, 3 16425
6 12345   
6 12354   2 13654
6 12453   5 12436, 5 16243, 5 12643
6 12534   
6 13245   5 13264
6 13452   4 13562, 5 13426, 5 16342
6 14352   1 24635, 4 13562, 2 14365
6 14523   5 14263
6 14532   4 15362
6 15234   
6 15324   5 13264, 4 15362
6 15423   5 14263
6 15432   1 25463, 4 15362


=>superpermutations/6/872/872.1440141.txt
1 24356   2 16435, 5 12436, 6 13524
1 24536   5 12436
1 24653   5 12463, 5 14632, 5 16324
1 25436   5 12436
1 26453   5 12643, 3 14526
1 26543   5 12643, 3 15426
2 16435   1 24356, 6 14235, 5 12643
3 14526   1 26453
3 15426   1 26543
3 15642   5 16342
4 13256   6 13425
4 13652   6 13524, 5 13462
4 16523   6 15234, 5 14623
5 12436   1 25436, 1 24536, 1 24356
5 12463   1 24653
5 12643   1 26543, 1 26453, 2 16435
5 13462   4 13652, 6 13425
5 14623   4 16523, 6 14235, 6 14253
5 14632   1 24653
5 16324   1 24653, 6 13524
5 16342   6 13425, 3 15642
6 12345   
6 12354   
6 12534   
6 13425   4 13256, 5 16342, 5 13462
6 13524   1 24356, 5 16324, 4 13652
6 14235   2 16435, 5 14623
6 14253   5 14623
6 15234   4 16523


=>superpermutations/6/872/872.d0e253c.txt
2 14536   4 15326, 5 12436, 3 14256
2 14563   5 12463, 3 14256
2 14653   5 12463, 3 14265, 3 14625
2 16453   5 12643, 5 16243, 3 16425
3 14256   2 14563, 2 14536
3 14265   2 14653
3 14625   2 14653, 5 13462
3 15624   5 16243, 5 16324, 6 15234
3 15642   5 16342, 6 15423, 6 15432
3 16425   2 16453, 5 16342
4 13526   6 14352
4 13652   6 14352, 5 13462
4 15326   2 14536, 6 15432
5 12436   2 14536
5 12463   2 14563, 2 14653
5 12643   2 16453
5 13462   3 14625, 4 13652
5 16243   2 16453, 3 15624
5 16324   6 13245, 6 13254, 3 15624
5 16342   3 16425, 3 15642
6 12345   
6 12354   
6 12534   
6 13245   5 16324
6 13254   5 16324
6 14352   4 13526, 4 13652
6 15234   3 15624
6 15423   3 15642
6 15432   4 15326, 3 15642


=>superpermutations/6/872/872.10f787d.txt
1 24536   6 14532
1 24653   6 14532, 5 16324
1 25436   3 15462, 6 14325
3 15426   5 14263, 5 14236, 4 13526
3 15462   1 25436, 5 14623, 4 13562
3 15642   5 16423, 4 13562
3 16542   5 16423, 4 13652, 4 16352
4 12563   5 14263, 5 12643, 6 12534
4 13256   5 13264, 6 14325, 6 13425
4 13526   3 15426, 5 13264
4 13562   3 15462, 3 15642
4 13652   3 16542
4 16352   3 16542, 5 16324
5 12643   6 12435, 6 15243, 4 12563
5 13264   4 13526, 4 13256
5 14236   3 15426
5 14263   4 12563, 3 15426
5 14623   3 15462
5 16324   1 24653, 4 16352
5 16423   3 15642, 3 16542
6 12345   
6 12354   
6 12435   5 12643
6 12534   4 12563
6 13425   4 13256
6 14325   1 25436, 4 13256
6 14532   1 24653, 1 24536
6 15234   
6 15243   5 12643


=>superpermutations/6/872/872.2f9c61a.txt
1 24356   2 16435, 5 12436, 5 13624
1 26534   2 14653, 6 12534, 5 16342
2 14365   5 12436, 5 14326
2 14635   5 12463
2 14653   1 26534, 6 14523, 5 12463
2 16435   1 24356, 5 12643
2 16453   6 14523, 5 12643
2 16543   6 15423, 5 12643
3 14256   5 14326
4 13526   5 13264, 5 14326, 5 13246
4 15362   5 13624, 5 13462, 5 13642
4 15632   5 16324, 5 16342
5 12436   1 24356, 2 14365
5 12463   2 14635, 2 14653
5 12643   2 16435, 2 16543, 2 16453
5 13246   4 13526
5 13264   4 13526
5 13462   4 15362
5 13624   1 24356, 4 15362
5 13642   4 15362
5 14326   4 13526, 3 14256, 2 14365
5 16324   4 15632
5 16342   1 26534, 4 15632
6 12345   
6 12354   
6 12534   1 26534
6 14523   2 16453, 2 14653
6 15234   
6 15423   2 16543


=>superpermutations/6/872/872.7cc9548.txt
1 24365   5 14362
2 14356   5 14362, 5 14236
2 14563   5 14623, 6 12453
2 14635   3 14265, 5 14623
2 15463   5 14623, 6 12543
2 15643   5 16423, 6 12543, 3 15624
2 16435   5 16423
3 14265   2 14635, 5 13426, 5 14236
3 15624   5 16324, 6 15234, 2 15643
4 13625   5 14362, 5 13462, 5 13642
4 15326   5 13264, 5 13426, 5 13246
4 16532   5 16324, 5 16342
5 13246   4 15326
5 13264   4 15326
5 13426   3 14265, 4 15326
5 13462   4 13625
5 13642   4 13625
5 14236   2 14356, 3 14265
5 14362   1 24365, 4 13625, 2 14356
5 14623   2 14635, 2 15463, 2 14563
5 16324   3 15624, 4 16532
5 16342   4 16532
5 16423   2 16435, 2 15643
6 12345   
6 12354   
6 12453   2 14563
6 12534   
6 12543   2 15643, 2 15463
6 15234   3 15624


=>superpermutations/6/872/872.9ec657c.txt
1 24536   4 13625, 5 12436
1 24563   4 16325, 4 13256, 5 12463
1 24653   4 13265, 5 12463
1 26453   4 13265, 3 14526
2 15643   6 15432, 6 12543
2 16435   6 14235, 4 16352, 4 16325
3 14526   1 26453
3 15426   6 15342, 6 15432
4 13256   1 24563
4 13265   1 24653, 1 26453
4 13562   6 13524
4 13625   1 24536
4 13652   6 13524
4 16325   1 24563, 2 16435
4 16352   6 13524, 2 16435
4 16523   6 15234, 5 14623
5 12436   1 24536, 6 12543
5 12463   1 24563, 1 24653, 6 12543
5 14623   4 16523, 6 14235, 6 14253
6 12345   
6 12354   
6 12534   
6 12543   2 15643, 5 12436, 5 12463
6 13524   4 16352, 4 13652, 4 13562
6 14235   2 16435, 5 14623
6 14253   5 14623
6 15234   4 16523
6 15342   3 15426
6 15432   3 15426, 2 15643


=>superpermutations/6/872/872.17f70da.txt
1 24563   5 12463
1 24653   5 12463, 3 14652
1 26435   6 13524, 3 14526
1 26453   3 14526
1 26534   6 12534, 5 16342, 3 15426
3 14256   6 14325, 6 14235
3 14526   1 26435, 1 26453
3 14652   1 24653, 5 14623
3 15426   1 26534, 6 15432
4 13562   5 13642, 6 13524
4 13625   6 13254, 6 14325, 5 13642
4 15362   5 13642, 6 15432
5 12436   6 12543
5 12463   1 24563, 1 24653, 6 12543
5 13642   4 13625, 4 15362, 4 13562
5 14623   6 14235, 3 14652
5 16243   6 12543
5 16342   1 26534
5 16423   6 14235
6 12345   
6 12354   
6 12534   1 26534
6 12543   5 12436, 5 16243, 5 12463
6 13254   4 13625
6 13524   1 26435, 4 13562
6 14235   3 14256, 5 16423, 5 14623
6 14325   4 13625, 3 14256
6 15234   
6 15432   4 15362, 3 15426


=>superpermutations/6/872/872.3a2bba0.txt
1 24365   6 12435, 6 14352
1 24536   3 15624, 6 14532
1 25436   3 15462, 3 14625
1 25643   5 12643, 3 15642
3 14625   1 25436, 6 13425
3 15462   1 25436
3 15624   1 24536, 5 16324, 6 15234
3 15642   1 25643, 5 16423
3 16542   5 16423
4 13265   6 13425, 5 13246
4 13526   5 13246, 6 14352, 6 13452
4 15326   5 13246, 6 14532
5 12463   6 12435
5 12643   1 25643, 6 12435
5 13246   4 13265, 4 15326, 4 13526
5 14236   6 14523
5 14263   6 14523
5 16324   3 15624
5 16423   6 14523, 3 15642, 3 16542
6 12345   
6 12354   
6 12435   1 24365, 5 12643, 5 12463
6 12534   
6 13425   3 14625, 4 13265
6 13452   4 13526
6 14352   1 24365, 4 13526
6 14523   5 14236, 5 16423, 5 14263
6 14532   1 24536, 4 15326
6 15234   3 15624


=>superpermutations/6/872/872.677e68d.txt
1 24365   4 16523, 6 13524
1 24536   4 13625, 6 15324
1 26453   6 15324, 4 13265, 3 14526
2 14356   4 13256, 3 14526, 6 14235
2 15643   6 15432, 6 12543
2 16435   6 14235, 4 16325
3 14526   1 26453, 2 14356
3 15426   6 15432
4 13256   2 14356
4 13265   1 26453
4 13625   1 24536, 5 13462, 5 13642
4 16325   2 16435, 5 14632, 5 16342
4 16523   1 24365, 6 15234, 5 14623
5 12463   6 12543
5 13462   4 13625
5 13642   4 13625
5 14623   4 16523, 6 14235, 6 14253
5 14632   4 16325, 6 15432
5 16342   4 16325
6 12345   
6 12354   
6 12534   
6 12543   2 15643, 5 12463
6 13524   1 24365
6 14235   2 14356, 2 16435, 5 14623
6 14253   5 14623
6 15234   4 16523
6 15324   1 24536, 1 26453
6 15432   5 14632, 3 15426, 2 15643


=>superpermutations/6/872/872.a102eaf.txt
1 24563   6 14532, 6 15324
1 25463   6 12543, 3 15462
1 25643   2 16435, 6 12543, 3 15642
2 16435   1 25643, 4 16352
2 16453   6 14532
3 12465   4 13265, 6 12345, 5 12436
3 15426   5 14263, 5 14236, 4 13526
3 15462   1 25463, 5 14623, 5 14362
3 15642   1 25643
3 16542   4 16352
4 13265   3 12465, 6 13425
4 13526   3 15426, 6 13452
4 16352   6 13452, 3 16542, 2 16435
5 12436   3 12465, 6 15243, 6 12543
5 13624   6 15324
5 14236   3 15426
5 14263   3 15426
5 14362   3 15462, 6 14532
5 14623   3 15462
6 12345   3 12465
6 12354   
6 12534   
6 12543   1 25643, 1 25463, 5 12436
6 13425   4 13265
6 13452   4 13526, 4 16352
6 14532   1 24563, 5 14362, 2 16453
6 15234   
6 15243   5 12436
6 15324   1 24563, 5 13624


=>superpermutations/6/872/872.a819a21.txt
2 13645   6 12345
2 14536   5 14326, 3 12456
2 15436   5 14326
2 15463   5 14263, 4 15632, 4 15623
2 16453   5 12643, 5 16243
3 12456   2 14536, 6 12345
3 12465   6 12345
3 14625   4 16325, 6 14235
3 14652   4 16352
3 16542   6 15342, 4 16352
4 13562   6 13524
4 15623   5 16243, 6 15234, 2 15463
4 15632   6 15324, 6 15342, 2 15463
4 16325   6 13254, 3 14625
4 16352   6 13524, 3 14652, 3 16542
5 12643   2 16453
5 13426   6 15342
5 14263   2 15463, 6 14235
5 14326   2 15436, 2 14536
5 16243   2 16453, 4 15623
6 12345   2 13645, 3 12456, 3 12465
6 12354   
6 12534   
6 13254   4 16325
6 13524   4 16352, 4 13562
6 14235   3 14625, 5 14263
6 15234   4 15623
6 15324   4 15632
6 15342   5 13426, 3 16542, 4 15632


=>superpermutations/6/872/872.e4128d3.txt
1 24563   5 13246, 6 12453
1 24635   6 12435, 6 14352, 5 13246
1 25463   5 13246, 6 14325
2 13654   6 12354, 5 13264, 4 13625
2 14536   4 15362, 6 12453
2 15436   4 15362
2 15643   5 16423
2 16543   5 16423, 4 16532
4 13562   6 14352, 6 13452
4 13625   6 14325, 2 13654
4 15362   2 14536, 2 15436
4 16532   5 16342, 2 16543
5 13246   1 24635, 1 25463, 1 24563
5 13264   2 13654
5 13426   6 13452
5 14263   6 14235
5 14623   6 14235
5 16342   6 13452, 4 16532
5 16423   6 14235, 2 15643, 2 16543
6 12345   
6 12354   2 13654
6 12435   1 24635
6 12453   1 24563, 2 14536
6 12534   
6 13452   4 13562, 5 13426, 5 16342
6 14235   5 16423, 5 14623, 5 14263
6 14325   1 25463, 4 13625
6 14352   1 24635, 4 13562
6 15234   


=>superpermutations/6/872/872.29f74d8.txt
1 24635   6 12435, 6 14352, 6 15243
1 25463   4 15632, 6 12543, 3 14625
2 13654   3 16542, 6 12354, 5 13264
2 14536   4 15362, 5 14326
2 14563   4 15632
2 14653   3 14625
2 16453   3 16425
3 14625   1 25463, 6 14235, 2 14653
3 16425   6 14235, 2 16453
3 16542   6 15423, 2 13654
4 13562   6 14352, 6 13452
4 15362   6 15324, 2 14536
4 15632   1 25463, 6 15324, 2 14563
5 13264   2 13654, 6 13245, 6 15324
5 13426   6 13452
5 14326   2 14536, 6 14352
6 12345   
6 12354   2 13654
6 12435   1 24635
6 12534   
6 12543   1 25463
6 13245   5 13264
6 13452   4 13562, 5 13426
6 14235   3 16425, 3 14625
6 14352   1 24635, 4 13562, 5 14326
6 15234   
6 15243   1 24635
6 15324   5 13264, 4 15632, 4 15362
6 15423   3 16542


=>superpermutations/6/872/872.ae812d0.txt
1 24635   6 14352
1 25463   4 15632, 3 14625
2 13654   3 16542, 6 12354, 5 13264
2 14536   4 15362, 5 12436, 5 14326
2 14563   4 15632
2 14653   3 14625
2 16453   5 12643, 5 16243, 3 16425
3 14625   1 25463, 6 14235, 2 14653
3 16425   6 14235, 2 16453
3 16542   6 15423, 2 13654
4 13562   6 14352, 6 13452
4 15362   6 15324, 2 14536
4 15632   1 25463, 6 15324, 2 14563
5 12436   2 14536
5 12643   2 16453
5 13264   2 13654, 6 13245, 6 15324
5 13426   6 13452
5 14326   2 14536, 6 14352
5 16243   2 16453
6 12345   
6 12354   2 13654
6 12534   
6 13245   5 13264
6 13452   4 13562, 5 13426
6 14235   3 16425, 3 14625
6 14352   1 24635, 4 13562, 5 14326
6 15234   
6 15324   5 13264, 4 15632, 4 15362
6 15423   3 16542


=>superpermutations/6/872/872.3ea069b.txt
1 24365   6 12435, 6 14352
1 25436   6 15432, 6 14325, 6 13254
2 14536   4 15326, 3 14562
2 14653   5 12463, 5 14263
2 16453   5 12643
3 14562   5 13462, 6 14352, 2 14536
3 15624   5 16324, 6 15234
4 13526   6 14352
4 15326   2 14536, 6 15432
5 12463   2 14653, 6 12435
5 12643   2 16453, 6 12435
5 13462   3 14562, 6 13425
5 13642   6 13425
5 14263   2 14653, 6 14235, 6 15423
5 16324   6 13245, 6 13254, 3 15624
5 16342   6 13425
6 12345   
6 12354   
6 12435   1 24365, 5 12643, 5 12463
6 12534   
6 13245   5 16324
6 13254   1 25436, 5 16324
6 13425   5 16342, 5 13642, 5 13462
6 14235   5 14263
6 14325   1 25436
6 14352   1 24365, 4 13526, 3 14562
6 15234   3 15624
6 15423   5 14263
6 15432   1 25436, 4 15326


=>superpermutations/6/872/872.e654404.txt
1 24365   6 12435, 6 14352
1 25436   3 15462, 3 14625, 6 13254
2 14536   4 15326, 3 14256
2 14563   5 12463, 3 14256
2 14653   5 12463, 3 14265, 3 14625
2 16453   5 12643, 3 16425
3 14256   2 14563, 2 14536
3 14265   2 14653
3 14625   1 25436, 2 14653
3 15462   1 25436, 6 15423
3 15624   5 16324, 6 15234
3 15642   6 15423
3 16425   2 16453
3 16542   6 15423
4 13526   6 14352, 6 13452
4 15326   2 14536
5 12463   2 14563, 2 14653, 6 12435
5 12643   2 16453, 6 12435
5 16324   6 13245, 6 13254, 3 15624
6 12345   
6 12354   
6 12435   1 24365, 5 12643, 5 12463
6 12534   
6 13245   5 16324
6 13254   1 25436, 5 16324
6 13452   4 13526
6 14352   1 24365, 4 13526
6 15234   3 15624
6 15423   3 16542, 3 15642, 3 15462


=>superpermutations/6/872/872.233a4bd.txt
1 24365   6 13524, 5 16243
1 24536   5 16243, 6 14532, 6 15324
1 25436   5 16243, 6 15432
2 14356   4 13256, 5 14236
2 14635   4 16352, 4 16325
2 14653   6 14532, 6 14523
2 15463   4 12563, 6 15432
4 12563   2 15463, 5 12643, 6 12534
4 13256   2 14356, 5 13426
4 13265   5 13426
4 16325   2 14635
4 16352   6 13524, 2 14635
5 12643   4 12563
5 13426   4 13265, 4 13256, 6 15342
5 13462   6 15342
5 13642   6 15342
5 14236   2 14356, 6 14523
5 16243   1 24365, 1 25436, 1 24536
5 16423   6 14523
6 12345   
6 12354   
6 12534   4 12563
6 13524   1 24365, 4 16352
6 14523   5 14236, 5 16423, 2 14653
6 14532   1 24536, 2 14653
6 15234   
6 15324   1 24536
6 15342   5 13426, 5 13642, 5 13462
6 15432   1 25436, 2 15463


=>superpermutations/6/872/872.75b382b.txt
1 24356   2 15643, 5 13624
1 24365   2 16543, 2 15436, 5 13624
1 24635   2 15463, 5 16324
1 26435   2 15643, 3 16452
2 13456   5 13462, 6 12345
2 14536   4 15326, 6 12453
2 14563   6 12453
2 14653   6 12453
2 15436   1 24365, 4 15326
2 15463   1 24635
2 15643   1 26435, 1 24356
2 16543   1 24365
3 16425   6 14325, 6 14235
3 16452   1 26435
4 13265   6 13254, 6 14325
4 15326   2 14536, 2 15436, 6 15342
5 13462   6 15342, 6 13542, 2 13456
5 13624   1 24356, 1 24365, 6 13254
5 16324   1 24635, 6 13254
6 12345   2 13456
6 12354   
6 12453   2 14536, 2 14653, 2 14563
6 12534   
6 13254   5 16324, 5 13624, 4 13265
6 13542   5 13462
6 14235   3 16425
6 14325   4 13265, 3 16425
6 15234   
6 15342   5 13462, 4 15326


=>superpermutations/6/872/872.0b1eda0.txt
1 23564   5 14236, 6 12354
1 25643   5 12643, 6 15432, 4 16325
2 14635   4 16325, 6 14352
2 15463   6 15432
3 16452   6 14523, 6 14352, 6 14532
3 16542   6 15342, 6 15432
4 13265   5 13426, 5 13246
4 13625   5 13462
4 16325   1 25643, 2 14635
5 12436   6 12453
5 12643   1 25643, 6 12453
5 13246   4 13265, 6 15324, 6 13524
5 13426   4 13265, 6 15342
5 13462   4 13625, 6 15342
5 14236   1 23564, 6 14523, 6 14253
5 16243   6 12453
6 12345   
6 12354   1 23564
6 12453   5 12436, 5 16243, 5 12643
6 12534   
6 13524   5 13246
6 14253   5 14236
6 14352   3 16452, 2 14635
6 14523   5 14236, 3 16452
6 14532   3 16452
6 15234   
6 15324   5 13246
6 15342   5 13426, 5 13462, 3 16542
6 15432   1 25643, 3 16542, 2 15463


=>superpermutations/6/872/872.5bb41c3.txt
1 23564   3 16425, 5 14236, 6 12354
1 24356   3 14562, 5 13624
1 24365   5 13624
1 26435   3 16452
1 26453   6 12453, 3 16452
2 14635   6 14325, 5 14263
2 14653   6 12453, 5 14263
2 15463   5 14263, 6 15432, 6 12543
3 14562   1 24356, 5 13462
3 16425   1 23564, 6 14325
3 16452   1 26435, 1 26453
3 16542   6 15342, 6 15432
5 13246   6 13254
5 13426   6 15342
5 13462   3 14562, 6 15342
5 13624   1 24356, 1 24365, 6 13254
5 14236   1 23564
5 14263   2 14635, 2 15463, 2 14653
5 16324   6 13254
6 12345   
6 12354   1 23564
6 12453   1 26453, 2 14653
6 12534   
6 12543   2 15463
6 13254   5 13246, 5 16324, 5 13624
6 14325   3 16425, 2 14635
6 15234   
6 15342   5 13426, 5 13462, 3 16542
6 15432   3 16542, 2 15463


=>superpermutations/6/872/872.ad584e2.txt
1 24356   5 12436, 5 14362, 5 13624
1 24635   5 16324
1 24653   4 15326, 6 12453, 5 16324
1 25463   5 16324
1 25643   5 13264, 3 16425
1 26435   3 16452, 5 13264
2 13456   5 13462, 6 12345
2 14563   5 14623, 6 12453
2 16543   6 15423
3 14265   5 14236
3 16425   1 25643
3 16452   1 26435
4 15326   1 24653, 5 13264, 6 15342
5 12436   1 24356, 6 12453
5 13264   1 26435, 1 25643, 4 15326
5 13462   6 15342, 6 13542, 2 13456
5 13624   1 24356
5 14236   3 14265, 6 15423
5 14362   1 24356
5 14623   6 15423, 2 14563
5 16324   1 24653, 1 24635, 1 25463
6 12345   2 13456
6 12354   
6 12453   1 24653, 2 14563, 5 12436
6 12534   
6 13542   5 13462
6 15234   
6 15342   5 13462, 4 15326
6 15423   5 14236, 5 14623, 2 16543


=>superpermutations/6/872/872.2571990.txt
1 25463   5 16324, 4 13256, 6 12543
2 14563   5 14623
2 16435   4 16352
2 16453   4 16532
3 12465   6 12345, 5 12436
3 14265   6 13425, 5 14236
3 15642   6 15423
4 13256   1 25463, 5 13264, 6 13425
4 13526   5 13264
4 13652   5 13624, 5 14362, 5 13462
4 15326   5 13264
4 16352   5 16324, 2 16435
4 16532   5 16324, 2 16453
5 12436   3 12465, 6 15243, 6 12543
5 13264   4 15326, 4 13526, 4 13256
5 13462   4 13652, 6 13425
5 13624   4 13652
5 14236   3 14265, 6 15423
5 14362   4 13652
5 14623   6 15423, 2 14563
5 16324   1 25463, 4 16532, 4 16352
6 12345   3 12465
6 12354   
6 12534   
6 12543   1 25463, 5 12436
6 13425   3 14265, 4 13256, 5 13462
6 15234   
6 15243   5 12436
6 15423   5 14236, 5 14623, 3 15642


=>superpermutations/6/872/872.edd56e1.txt
1 24563   2 13456, 6 12453
1 24635   2 15463, 6 12435
1 26435   2 15643, 6 12435, 3 16452
2 13456   1 24563, 5 13462, 6 12345
2 15436   5 14362, 5 14236, 4 15326
2 15463   1 24635, 5 14263, 5 14623
2 15643   1 26435
2 16543   4 16532
3 16425   6 14325
3 16452   1 26435, 4 16532
4 13265   6 13254, 6 14325
4 15326   2 15436, 6 15342
4 16532   6 15342, 3 16452, 2 16543
5 13462   6 15342, 6 13542, 2 13456
5 13624   6 13254
5 14236   2 15436
5 14263   2 15463
5 14362   6 14325, 2 15436
5 14623   2 15463
6 12345   2 13456
6 12354   
6 12435   1 26435, 1 24635
6 12453   1 24563
6 12534   
6 13254   5 13624, 4 13265
6 13542   5 13462
6 14325   4 13265, 3 16425, 5 14362
6 15234   
6 15342   5 13462, 4 15326, 4 16532


=>superpermutations/6/872/872.aefda67.txt
1 24365   6 12435, 6 14352
1 25436   3 14625, 6 13254
1 26543   6 13254, 4 15326, 3 14265
2 14536   4 15326, 3 14256, 6 14523
2 15643   6 15423, 3 15624
2 16453   6 14523, 3 16425
3 14256   2 14536
3 14265   1 26543
3 14625   1 25436, 5 14632
3 15624   5 16324, 6 15234, 2 15643
3 16425   2 16453
4 13526   6 14352, 6 13452, 6 13542
4 15326   1 26543, 2 14536, 6 15342
5 12463   6 12435
5 14632   6 14352, 3 14625
5 16324   6 13245, 6 13254, 3 15624
6 12345   
6 12354   
6 12435   1 24365, 5 12463
6 12534   
6 13245   5 16324
6 13254   1 25436, 1 26543, 5 16324
6 13452   4 13526
6 13542   4 13526
6 14352   1 24365, 4 13526, 5 14632
6 14523   2 14536, 2 16453
6 15234   3 15624
6 15342   4 15326
6 15423   2 15643


=>superpermutations/6/872/872.7eb420e.txt
2 14563   5 14623, 6 14532
2 16435   6 14325, 4 16352
2 16453   6 14532
3 12465   6 12345, 5 13246, 5 12436
3 14265   6 13425, 6 14325, 5 14236
3 15426   5 14236, 4 13526
3 15462   5 14623, 4 13562
3 15642   4 13562
3 16542   4 13652, 4 16352
4 13526   3 15426, 5 13264, 5 13246
4 13562   3 15462, 3 15642, 5 13624
4 13652   3 16542, 5 13624
4 16352   3 16542, 5 16324, 2 16435
5 12436   3 12465, 6 15243, 6 12543
5 13246   3 12465, 4 13526
5 13264   4 13526
5 13624   4 13562, 4 13652
5 14236   3 14265, 3 15426
5 14623   2 14563, 3 15462
5 16324   4 16352
6 12345   3 12465
6 12354   
6 12534   
6 12543   5 12436
6 13425   3 14265
6 14325   3 14265, 2 16435
6 14532   2 16453, 2 14563
6 15234   
6 15243   5 12436


=>superpermutations/6/872/872.c2fc3ff.txt
1 24563   6 14532, 6 15324
1 25463   6 12543, 3 15462, 3 14625
2 16435   4 16352
2 16453   6 14532, 6 14523
3 12465   6 12345, 5 12436
3 14256   6 13425
3 14265   6 13425
3 14625   1 25463, 6 13425
3 15426   4 13526
3 15462   1 25463, 4 13562
3 15642   4 13562
3 16542   4 13652, 4 16352
4 13526   3 15426, 5 13264
4 13562   3 15462, 3 15642, 5 13624
4 13652   3 16542, 5 13624
4 16352   3 16542, 2 16435
5 12436   3 12465, 6 15243, 6 12543
5 13264   6 15324, 4 13526
5 13624   6 15324, 4 13562, 4 13652
6 12345   3 12465
6 12354   
6 12534   
6 12543   1 25463, 5 12436
6 13425   3 14256, 3 14625, 3 14265
6 14523   2 16453
6 14532   1 24563, 2 16453
6 15234   
6 15243   5 12436
6 15324   1 24563, 5 13624, 5 13264


=>superpermutations/6/872/872.2690543.txt
1 24356   2 15643, 5 13624
1 24365   2 16543, 2 15436, 5 13624
1 24635   2 15463, 5 16324, 5 13246
1 26435   2 15643, 3 16452, 5 13264
2 13456   5 13462, 5 13246, 6 12345
2 14563   5 14623, 6 14532, 6 12453
2 15436   1 24365, 5 14236
2 15463   1 24635, 5 14623
2 15643   1 26435, 1 24356
2 16543   1 24365
3 14265   6 14325, 5 14236
3 16425   6 14325
3 16452   1 26435, 6 14532
5 13246   1 24635, 2 13456
5 13264   1 26435
5 13462   6 15342, 6 13542, 2 13456
5 13624   1 24356, 1 24365
5 14236   2 15436, 3 14265
5 14623   2 15463, 2 14563
5 16324   1 24635
6 12345   2 13456
6 12354   
6 12453   2 14563
6 12534   
6 13542   5 13462
6 14325   3 16425, 3 14265
6 14532   3 16452, 2 14563
6 15234   
6 15342   5 13462


=>superpermutations/6/872/872.465c326.txt
1 23564   5 14236, 6 12354
1 24356   5 12436, 6 13524
1 24653   6 12453
2 14635   4 16325
2 15463   4 15632
2 16543   5 12643
3 16452   6 14523, 4 13652, 5 16342
4 13256   5 13264, 5 14326, 5 13426
4 13625   5 13462
4 13652   3 16452, 6 13524, 5 13462
4 15362   5 13462
4 15632   5 16342, 2 15463
4 16325   2 14635, 5 16342
5 12436   1 24356, 6 12453
5 12643   2 16543, 6 12453
5 13264   6 13524, 4 13256
5 13426   4 13256
5 13462   4 13625, 4 15362, 4 13652
5 14236   1 23564, 6 14523, 6 14253
5 14326   4 13256
5 16342   3 16452, 4 16325, 4 15632
6 12345   
6 12354   1 23564
6 12453   1 24653, 5 12436, 5 12643
6 12534   
6 13524   1 24356, 5 13264, 4 13652
6 14253   5 14236
6 14523   5 14236, 3 16452
6 15234   


=>superpermutations/6/872/872.59949c4.txt
1 24536   6 14532, 6 15324
1 25436   3 15462
2 14635   4 16352, 4 16325, 6 12435
2 14653   6 14532, 6 14523
3 15426   5 14236, 4 13526
3 15462   1 25436, 4 13562
3 15642   5 16423, 4 13562
3 16542   5 16423, 4 13652, 4 16352
4 12563   5 12643, 6 12534
4 13256   6 13425
4 13265   6 13425
4 13526   3 15426
4 13562   3 15462, 3 15642
4 13652   3 16542
4 16325   6 13425, 2 14635
4 16352   3 16542, 2 14635
5 12643   6 12435, 6 15243, 4 12563
5 14236   3 15426, 6 14523
5 16423   6 14523, 3 15642, 3 16542
6 12345   
6 12354   
6 12435   2 14635, 5 12643
6 12534   4 12563
6 13425   4 13256, 4 16325, 4 13265
6 14523   5 14236, 5 16423, 2 14653
6 14532   1 24536, 2 14653
6 15234   
6 15243   5 12643
6 15324   1 24536


=>superpermutations/6/872/872.9ec0622.txt
1 24536   4 13625, 5 12436, 5 16243
1 24563   4 16325, 4 13256, 5 12463
1 24653   4 13265, 5 12463
1 26453   4 13265, 5 12643, 3 14526
3 14526   1 26453, 6 14352
3 15426   6 15432
3 15642   5 16342, 6 15432
4 13256   1 24563
4 13265   1 24653, 1 26453
4 13625   1 24536, 5 13462
4 13652   6 13524, 6 14352, 5 13462
4 16325   1 24563, 5 16342
4 16523   6 15234, 5 14623, 5 16243
5 12436   1 24536
5 12463   1 24563, 1 24653
5 12643   1 26453
5 13462   4 13625, 4 13652
5 14623   4 16523, 6 14235, 6 14253
5 16243   1 24536, 4 16523
5 16342   3 15642, 4 16325
6 12345   
6 12354   
6 12534   
6 13524   4 13652
6 14235   5 14623
6 14253   5 14623
6 14352   4 13652, 3 14526
6 15234   4 16523
6 15432   3 15426, 3 15642


=>superpermutations/6/872/872.4085878.txt
1 24356   2 15643
1 24365   2 16543, 2 15436
1 24563   6 12453
1 24635   2 15463
1 24653   6 12453
1 26435   2 15643, 3 14526
1 26453   6 12453, 3 14526
1 26534   6 12534, 5 16342
2 15436   1 24365, 4 15362
2 15463   1 24635, 5 14623
2 15643   1 26435, 1 24356, 5 16423
2 16543   1 24365, 5 16423
3 14256   6 14325, 6 14235
3 14526   1 26435, 1 26453, 6 13452
4 13625   6 13254, 6 14325
4 15362   2 15436
5 14623   6 14235, 2 15463
5 16342   1 26534, 6 13542, 6 13452
5 16423   6 14235, 2 15643, 2 16543
6 12345   
6 12354   
6 12453   1 26453, 1 24653, 1 24563
6 12534   1 26534
6 13254   4 13625
6 13452   3 14526, 5 16342
6 13542   5 16342
6 14235   3 14256, 5 16423, 5 14623
6 14325   4 13625, 3 14256
6 15234   


=>superpermutations/6/872/872.d5c929b.txt
1 23564   5 14236, 6 12354, 4 13562
1 24653   4 15326, 5 12463, 5 16324
2 14365   5 12436, 5 14236
2 14635   5 12463, 5 14263, 5 14623
2 16453   5 16432, 5 12643, 5 16243
3 16542   5 16432
4 13256   5 13264, 6 13425
4 13526   5 13264, 6 13452
4 13562   1 23564, 5 13624, 6 13452
4 15326   1 24653, 5 13264
4 15362   5 13624
4 15632   5 16324, 5 16432
5 12436   2 14365
5 12463   1 24653, 2 14635
5 12643   2 16453
5 13264   4 15326, 4 13526, 4 13256
5 13624   4 15362, 4 13562
5 14236   1 23564, 2 14365
5 14263   2 14635
5 14623   2 14635
5 16243   2 16453
5 16324   1 24653, 4 15632
5 16432   4 15632, 3 16542, 2 16453
6 12345   
6 12354   1 23564
6 12534   
6 13425   4 13256
6 13452   4 13526, 4 13562
6 15234   


=>superpermutations/6/872/872.fc4d1e2.txt
1 24356   5 12436, 6 13524
1 24536   5 12436, 6 15324
1 24563   2 13456, 5 12463, 6 15324
1 25436   2 16543, 5 12436
1 25463   5 12463
1 25643   5 12643, 5 14326
2 13456   1 24563, 5 13462, 6 12345
2 16543   1 25436, 5 12643, 5 16423
3 14652   5 14623, 5 13462
3 15426   5 14263, 5 14326, 5 14236
3 16452   5 16423, 5 13642, 5 16342
4 13265   5 14326
5 12436   1 25436, 1 24536, 1 24356
5 12463   1 25463, 1 24563
5 12643   1 25643, 2 16543
5 13462   3 14652, 2 13456
5 13642   3 16452
5 14236   3 15426
5 14263   3 15426
5 14326   1 25643, 4 13265, 3 15426
5 14623   3 14652
5 16342   3 16452
5 16423   2 16543, 3 16452
6 12345   2 13456
6 12354   
6 12534   
6 13524   1 24356
6 15234   
6 15324   1 24563, 1 24536


=>superpermutations/6/872/872.b1dc6bb.txt
1 24536   3 14562
1 24653   5 16324
1 25436   3 15462
2 14635   6 12435, 3 14265, 5 14623
3 14265   2 14635, 6 13425, 5 14236
3 14526   5 14236
3 14562   1 24536, 5 14623
3 15426   5 14236
3 15462   1 25436, 5 14623
3 15642   5 16423, 5 16342, 5 16432
4 12563   5 12643, 6 12534
4 13256   5 13264, 6 13425
4 13652   6 13524
5 12643   6 12435, 6 15243, 4 12563
5 13264   6 13524, 4 13256
5 14236   3 14265, 3 15426, 3 14526
5 14623   2 14635, 3 15462, 3 14562
5 16324   1 24653, 6 13524
5 16342   6 13425, 3 15642
5 16423   3 15642
5 16432   3 15642
6 12345   
6 12354   
6 12435   2 14635, 5 12643
6 12534   4 12563
6 13425   3 14265, 4 13256, 5 16342
6 13524   5 16324, 5 13264, 4 13652
6 15234   
6 15243   5 12643


=>superpermutations/6/872/872.d2339e9.txt
1 24356   6 13524
1 24653   6 12453, 5 16324
1 26534   6 12534, 5 16342
2 14365   4 13625, 5 14236
2 14563   5 14623, 6 12453, 3 14526
2 14635   5 14623
2 15436   5 14236, 4 15362
2 15463   5 14623
2 16543   5 16432, 5 12643, 5 16423
3 14526   5 14236, 2 14563, 6 13452
4 13256   5 13264
4 13625   2 14365
4 15362   2 15436
5 12643   2 16543, 6 12453
5 13264   6 13524, 4 13256
5 14236   2 14365, 2 15436, 3 14526
5 14623   2 14635, 2 15463, 2 14563
5 16324   1 24653, 6 13524
5 16342   1 26534, 6 13542, 6 13452
5 16423   2 16543
5 16432   2 16543
6 12345   
6 12354   
6 12453   1 24653, 2 14563, 5 12643
6 12534   1 26534
6 13452   3 14526, 5 16342
6 13524   1 24356, 5 16324, 5 13264
6 13542   5 16342
6 15234   


=>superpermutations/6/872/872.483e90a.txt
1 24536   5 12436, 5 14362, 5 16243
1 25463   5 12463, 5 16324, 5 13246
1 25643   5 12643, 5 13264
2 13654   3 16542, 6 12354, 5 13264
2 14563   5 12463, 5 14623, 3 14526
3 14265   6 13425, 5 14236
3 14526   5 14236, 2 14563
3 14652   5 14623, 5 14362
3 15426   5 14236, 6 15342
3 16452   5 16423
3 16542   6 15342, 5 16423, 2 13654
4 13562   5 14362
5 12436   1 24536
5 12463   1 25463, 2 14563
5 12643   1 25643
5 13246   1 25463
5 13264   1 25643, 2 13654
5 14236   3 14265, 3 15426, 3 14526
5 14362   1 24536, 4 13562, 3 14652
5 14623   2 14563, 3 14652
5 16243   1 24536
5 16324   1 25463
5 16423   3 16542, 3 16452
6 12345   
6 12354   2 13654
6 12534   
6 13425   3 14265
6 15234   
6 15342   3 15426, 3 16542


=>superpermutations/6/872/872.df59e87.txt
1 23564   5 14236, 6 12354
1 24356   6 13524
1 24365   6 13524
1 24536   4 13625
1 24563   4 16325, 4 13256
1 24653   4 13265
1 26435   6 13524, 3 16452
1 26453   4 13265, 3 16452
2 14635   4 16325
2 15463   6 15432, 6 12543
3 16452   1 26435, 1 26453, 6 14523
3 16542   6 15342, 6 15432
4 13256   1 24563, 5 13426
4 13265   1 24653, 1 26453, 5 13426
4 13625   1 24536, 5 13462
4 16325   1 24563, 2 14635
5 13426   4 13265, 4 13256, 6 15342
5 13462   4 13625, 6 15342
5 14236   1 23564, 6 14523, 6 14253
6 12345   
6 12354   1 23564
6 12534   
6 12543   2 15463
6 13524   1 24365, 1 24356, 1 26435
6 14253   5 14236
6 14523   5 14236, 3 16452
6 15234   
6 15342   5 13426, 5 13462, 3 16542
6 15432   3 16542, 2 15463


=>superpermutations/6/872/872.7ba87f4.txt
1 24356   2 15643
1 24365   2 16543, 2 15436
1 24635   2 15463, 5 16324
1 24653   6 12453, 6 14532, 5 16324
1 26435   2 15643, 5 13264
1 26534   6 12534, 5 16342, 5 14263
2 15436   1 24365, 5 14236, 4 15362
2 15463   1 24635, 5 14263, 5 14623
2 15643   1 26435, 1 24356, 5 16423
2 16543   1 24365, 5 16423
4 13256   5 13264, 6 14325
4 13625   6 14325
4 15362   6 14532, 2 15436
5 13264   1 26435, 4 13256
5 14236   2 15436
5 14263   1 26534, 2 15463
5 14623   2 15463
5 16324   1 24653, 1 24635
5 16342   1 26534, 6 13542, 6 13452
5 16423   2 15643, 2 16543
6 12345   
6 12354   
6 12453   1 24653
6 12534   1 26534
6 13452   5 16342
6 13542   5 16342
6 14325   4 13256, 4 13625
6 14532   1 24653, 4 15362
6 15234   


=>superpermutations/6/872/872.1e88763.txt
1 24536   6 14532, 6 15324, 6 13245
1 25436   2 14365, 3 15462, 6 13254
2 14365   1 25436, 4 13652, 6 12435
2 14635   4 16352, 6 12435
2 14653   6 14532, 6 14523
3 14256   4 12563, 6 13425
3 15426   4 13526, 6 15342
3 15462   1 25436, 4 13562, 6 15342
4 12563   5 12643, 6 12534, 3 14256
4 13526   3 15426
4 13562   3 15462
4 13652   2 14365
4 16352   5 16432, 2 14635
5 12643   6 12435, 6 15243, 4 12563
5 16423   6 14523
5 16432   6 14532, 4 16352
6 12345   
6 12354   
6 12435   2 14635, 2 14365, 5 12643
6 12534   4 12563
6 13245   1 24536
6 13254   1 25436
6 13425   3 14256
6 14523   5 16423, 2 14653
6 14532   1 24536, 5 16432, 2 14653
6 15234   
6 15243   5 12643
6 15324   1 24536
6 15342   3 15426, 3 15462


=>superpermutations/6/872/872.86e49cb.txt
1 24536   6 14532
1 25436   2 14365, 3 15462
2 14365   1 25436, 4 13652, 6 12435
2 14635   4 16352, 6 12435
2 14653   6 14532, 6 14523
3 14256   4 12563, 6 13425
3 15426   4 13526, 6 15342
3 15462   1 25436, 4 13562, 6 15342
4 12563   5 12643, 6 12534, 3 14256
4 13526   3 15426, 5 13264, 5 13246
4 13562   3 15462
4 13652   2 14365
4 16352   5 16324, 5 16432, 2 14635
5 12643   6 12435, 6 15243, 4 12563
5 13246   4 13526
5 13264   4 13526
5 16324   4 16352
5 16423   6 14523
5 16432   6 14532, 4 16352
6 12345   
6 12354   
6 12435   2 14635, 2 14365, 5 12643
6 12534   4 12563
6 13425   3 14256
6 14523   5 16423, 2 14653
6 14532   1 24536, 5 16432, 2 14653
6 15234   
6 15243   5 12643
6 15342   3 15426, 3 15462


=>superpermutations/6/872/872.cb2a955.txt
1 24563   2 13456, 6 12453
1 24635   2 15463, 6 12435
1 26435   2 15643, 6 12435, 3 16452
2 13456   1 24563, 5 13462, 6 12345
2 15436   5 14362, 4 15326
2 15463   1 24635
2 15643   1 26435
2 16543   4 16532
3 16425   6 14253, 6 14325, 6 14235
3 16452   1 26435, 6 14523, 4 16532
4 13265   6 13254, 6 14325
4 15326   2 15436, 6 15342
4 16532   6 15342, 3 16452, 2 16543
5 13462   6 15342, 6 13542, 2 13456
5 13624   6 13254
5 14362   6 14325, 2 15436
6 12345   2 13456
6 12354   
6 12435   1 26435, 1 24635
6 12453   1 24563
6 12534   
6 13254   5 13624, 4 13265
6 13542   5 13462
6 14235   3 16425
6 14253   3 16425
6 14325   4 13265, 3 16425, 5 14362
6 14523   3 16452
6 15234   
6 15342   5 13462, 4 15326, 4 16532


=>superpermutations/6/872/872.97817f2.txt
1 24536   5 12436
1 24563   5 12463, 5 13246
1 26453   4 16532, 3 14526
2 15643   6 15432, 6 12543
2 16435   6 14352, 6 14235, 6 14325
3 14526   1 26453, 6 14352
3 15426   6 15432
4 16523   6 15234, 5 14623
4 16532   1 26453, 6 15432, 5 16342
5 12436   1 24536, 6 12543
5 12463   1 24563, 6 12543
5 13246   1 24563, 6 13524, 6 13254
5 13462   6 13425
5 13642   6 13425
5 14623   4 16523, 6 14235, 6 14253
5 16342   6 13425, 4 16532
6 12345   
6 12354   
6 12534   
6 12543   2 15643, 5 12436, 5 12463
6 13254   5 13246
6 13425   5 16342, 5 13642, 5 13462
6 13524   5 13246
6 14235   2 16435, 5 14623
6 14253   5 14623
6 14325   2 16435
6 14352   3 14526, 2 16435
6 15234   4 16523
6 15432   4 16532, 3 15426, 2 15643


=>superpermutations/6/872/872.2de0c50.txt
1 24635   6 12435, 6 14352
1 25463   3 14625
2 13654   6 12354, 5 13264
2 14536   4 15362, 3 14256
2 14563   3 14256
2 14653   3 14265, 3 14625
2 15436   4 15362, 6 15423
2 15643   6 15423
2 16453   3 16425
2 16543   6 15423
3 14256   2 14563, 2 14536, 5 13426
3 14265   2 14653, 5 13426
3 14625   1 25463, 2 14653
3 16425   2 16453, 5 16342
4 13562   6 14352, 6 13452
4 15362   6 15324, 2 14536, 2 15436
5 13264   2 13654, 6 13245, 6 15324
5 13426   3 14265, 3 14256, 6 13452
5 16342   6 13452, 3 16425
6 12345   
6 12354   2 13654
6 12435   1 24635
6 12534   
6 13245   5 13264
6 13452   4 13562, 5 13426, 5 16342
6 14352   1 24635, 4 13562
6 15234   
6 15324   5 13264, 4 15362
6 15423   2 15436, 2 16543, 2 15643


=>superpermutations/6/872/872.2d94234.txt
1 24356   3 14562
1 24365   2 15436
1 24635   2 15463
1 26435   3 14526, 5 16432
1 26534   2 14653, 6 12534, 5 16342
2 14653   1 26534, 6 12453
2 15436   1 24365, 4 15362, 6 12543
2 15463   1 24635, 6 12543
3 14256   6 14325, 6 14235
3 14526   1 26435, 6 13452
3 14562   1 24356, 4 15362, 6 13452
4 13625   6 13254, 6 14325, 6 13245
4 15362   3 14562, 6 15324, 2 15436
5 16342   1 26534, 6 13542, 6 13452
5 16423   6 14235
5 16432   1 26435, 6 14325
6 12345   
6 12354   
6 12453   2 14653
6 12534   1 26534
6 12543   2 15436, 2 15463
6 13245   4 13625
6 13254   4 13625
6 13452   3 14526, 3 14562, 5 16342
6 13542   5 16342
6 14235   3 14256, 5 16423
6 14325   4 13625, 3 14256, 5 16432
6 15234   
6 15324   4 15362


=>superpermutations/6/872/872.247424f.txt
1 24563   6 14532, 6 15324
1 25463   6 12543, 3 15462
1 25643   2 16435, 6 12543, 3 15642
2 16435   1 25643, 6 14235, 4 16352
2 16453   6 14532, 6 14253, 6 14523
3 12465   4 13265, 6 12345, 5 12436
3 15426   4 13526
3 15462   1 25463, 5 14362
3 15642   1 25643
3 16542   4 16352
4 13265   3 12465, 6 13425
4 13526   3 15426, 6 13452
4 16352   6 13452, 3 16542, 2 16435
5 12436   3 12465, 6 15243, 6 12543
5 13624   6 15324
5 14362   3 15462, 6 14532
6 12345   3 12465
6 12354   
6 12534   
6 12543   1 25643, 1 25463, 5 12436
6 13425   4 13265
6 13452   4 13526, 4 16352
6 14235   2 16435
6 14253   2 16453
6 14523   2 16453
6 14532   1 24563, 5 14362, 2 16453
6 15234   
6 15243   5 12436
6 15324   1 24563, 5 13624


=>superpermutations/6/872/872.28d8e6a.txt
1 24356   3 14562
1 24365   2 15436
1 24635   2 15463, 5 16324, 5 13246
1 26435   3 14526, 5 16432, 5 13264
1 26534   2 14653, 6 12534, 5 16342
2 14653   1 26534, 6 12453
2 15436   1 24365, 4 15362, 6 12543
2 15463   1 24635, 6 12543
3 14256   6 14325, 6 14235
3 14526   1 26435, 6 13452
3 14562   1 24356, 4 15362, 6 13452
4 13625   6 14325
4 15362   3 14562, 2 15436
5 13246   1 24635
5 13264   1 26435
5 16324   1 24635
5 16342   1 26534, 6 13542, 6 13452
5 16423   6 14235
5 16432   1 26435, 6 14325
6 12345   
6 12354   
6 12453   2 14653
6 12534   1 26534
6 12543   2 15436, 2 15463
6 13452   3 14526, 3 14562, 5 16342
6 13542   5 16342
6 14235   3 14256, 5 16423
6 14325   4 13625, 3 14256, 5 16432
6 15234   


=>superpermutations/6/872/872.cfd46b5.txt
1 24563   6 14532, 6 15324
1 24635   6 14352, 3 12465
1 25463   3 15462, 3 14625
1 26543   5 13264, 3 14265
2 15643   5 16243, 6 15423
2 16435   6 14352, 5 16243
2 16453   6 14532, 6 14523, 5 16243
3 12465   1 24635, 6 12345, 5 12436
3 14256   5 13426
3 14265   1 26543, 5 13426
3 14625   1 25463
3 15462   1 25463, 6 15423
5 12436   3 12465
5 13264   1 26543, 6 15324
5 13426   3 14265, 3 14256, 6 13452
5 13624   6 15324
5 13642   6 13452
5 16243   2 16435, 2 15643, 2 16453
5 16342   6 13452
6 12345   3 12465
6 12354   
6 12534   
6 13452   5 13426, 5 16342, 5 13642
6 14352   1 24635, 2 16435
6 14523   2 16453
6 14532   1 24563, 2 16453
6 15234   
6 15324   1 24563, 5 13624, 5 13264
6 15423   2 15643, 3 15462


=>superpermutations/6/873-palindromic.txt
6 12345   
6 12354   
6 12435   
6 12453   
6 12534   
6 12543   
6 13245   
6 13254   
6 13425   
6 13452   
6 13524   
6 13542   
6 14235   
6 14253   
6 14325   
6 14352   
6 14523   
6 14532   
6 15234   
6 15243   
6 15324   
6 15342   
6 15423   
6 15432   

