566466466646664664666466646666
566466646646664666466466646666
566466646664664666466646646666
566646646664664666466466646666
566646646664666466466646664666
566646664664666466466646646666
566646664664666466646646664666
566646664666466466646664664666
66466466646664664666466646666
66466646646664666466466646666
66466646664664666466466646666
66466646664664666466646646666
66646646664664666466466646666
666466466646663664666466646666
66646646664666466466646664666
666466466646664664666466646665
66646664664666466466646646666
666466646646664664666466636666
666466646646664666366466646666
66646664664666466646646664666
666466646646664666466466646665
666466646663664664666466646666
666466646663664666466646646666
666466646664663666466646646666
66646664666466466646664664666
666466646664664666466646646665
666466646664664666466646666
666636466646664664666466646666
666636646646664666466466646666
666636646664664666466466646666
666636646664664666466646646666
666636664666466466646646664666
666646636664666466466646646666
66664664666466466646646664666
666646646664664666466466646665
666646646664664666466636646666
666646646664666366466466646666
666646646664666366466646664666
666646646664666466366646664666
666646646664666466466366646666
666646646664666466466646636666
66664664666466646646664666466
666646646664666466466646664665
666646646664666466466646666
666646663646664666466466646666
666646663664664666466466646666
666646663664664666466646646666
66664666446664664666466646666
66664666446664666466466646666
666646664663666466646646664666
666646664664663666466646646666
66664666466466644666466646666
666646664664666466466366646666
666646664664666466466646636666
66664666466466646646664664666
666646664664666466466646646665
66664666466466646646664666466
666646664664666466466646666
66664666466466646664466646666
666646664664666466646366646666
666646664664666466646646636666
66664666466466646664664666466
666646664664666466646646664665
666646664664666466646646666
66664666466644666466466646666
666646664666463664666466646666
666646664666466364666466646666
666646664666466366646664664666
666646664666466466366646664666
66664666466646646664466646666
666646664666466466646664636666
66664666466646646664666466466
666646664666466466646664664665
666646664666466466646664666
