6666466646664666
666646664666466466
66664666466646646664
6666466646664664666466643
666646664666466466646662
6666466646664664666466625
66664666466646646664663
6666466646664664666466364
666646664666466466646635
6666466646664664666466346
666646664666466466646626
6666466646664664666466265
6666466646664664666466166
6666466646664664666464
66664666466646646664645
666646664666466466646446
6666466646664664666464465
6666466646664664666464366
66664666466646646664636
666646664666466466646365
6666466646664664666463646
6666466646664664666463466
666646664666466466646266
6666466646664664666462665
666646664666466466645
6666466646664664666446
6666466646664664666446663
666646664666466466644664
66664666466646646664465
6666466646664664666446366
666646664666466466644466
6666466646664664666444665
6666466646664664666443666
66664666466646646664366
6666466646664664666436664
666646664666466466643665
6666466646664664666436646
6666466646664664666436466
6666466646664664666434666
666646664666466466642666
6666466646664664666426665
6666466646664664666416666
666646664666466466636
66664666466646646663466
6666466646664664666346664
666646664666466466634665
6666466646664664666346646
6666466646664664666346466
6666466646664664666344666
666646664666466466633666
6666466646664664666266
666646664666466466626664
6666466646664664666266645
6666466646664664666266636
66664666466646646662665
666646664666466466626646
6666466646664664666266465
6666466646664664666266366
666646664666466466626466
6666466646664664666264665
6666466646664664666263666
66664666466646646661666
6666466646664664666166466
6666466646664664666146666
6666466646664664665
66664666466646646646
666646664666466466465
66664666466646646646366
6666466646664664664636664
666646664666466466463665
6666466646664664664636646
6666466646664664664634666
666646664666466466462666
6666466646664664664626665
6666466646664664664466
666646664666466466446664
6666466646664664664466645
6666466646664664664466636
66664666466646646644665
666646664666466466446646
6666466646664664664466465
6666466646664664664466366
666646664666466466446466
6666466646664664664464665
666646664666466466444666
6666466646664664664446665
6666466646664664664436666
66664666466646646643666
666646664666466466436665
6666466646664664664366646
6666466646664664664366466
6666466646664664664364666
6666466646664664664346666
666646664666466466366
66664666466646646636664
6666466646664664663666464
666646664666466466366645
6666466646664664663666446
666646664666466466366636
6666466646664664663666365
6666466646664664663666266
6666466646664664663665
66664666466646646636646
666646664666466466366366
6666466646664664663663665
6666466646664664663662666
66664666466646646636466
6666466646664664663646664
666646664666466466364665
6666466646664664663646646
666646664666466466363666
6666466646664664663636665
6666466646664664663626666
666646664666466466336666
6666466646664664662666
66664666466646646626665
666646664666466466266646
6666466646664664662666465
6666466646664664662666366
666646664666466466266466
6666466646664664662664665
6666466646664664662663666
6666466646664664662636666
666646664666466466246666
66664666466646646616666
6666466646664664661664666
6666466646664664661646666
66664666466646646436666
6666466646664664643666466
6666466646664664643664666
666646664666466463666
6666466646664664636665
66664666466646646366646
6666466646664664636664664
666646664666466463666465
6666466646664664636664646
6666466646664664636664466
6666466646664664636662666
66664666466646646366466
6666466646664664636646664
666646664666466463664665
6666466646664664636646646
6666466646664664636626666
66664666466646646346666
6666466646664664634666466
6666466646664664634646666
6666466646664664626666
666646664666466462666466
6666466646664664626663666
666646664666466462664666
6666466646664664626646665
666646664666466462646666
6666466646664664616664666
6666466646664664616646666
66664666466646644666
666646664666466446665
66664666466646644666366
6666466646664664466636664
666646664666466446663665
6666466646664664466636646
6666466646664664466636466
6666466646664664466634666
666646664666466446662666
6666466646664664466626665
6666466646664664466466
666646664666466446646664
6666466646664664466466645
6666466646664664466466636
66664666466646644664665
666646664666466446646646
6666466646664664466466465
6666466646664664466466366
6666466646664664466436666
6666466646664664466364666
6666466646664664466346666
666646664666466446626666
6666466646664664464666
66664666466646644646665
666646664666466446466646
6666466646664664464666465
6666466646664664464666366
6666466646664664464636666
666646664666466446446666
66664666466646644636666
6666466646664664463666466
6666466646664664463664666
6666466646664664463646666
6666466646664664446666
666646664666466444666466
6666466646664664446664665
6666466646664664446663666
666646664666466444664666
6666466646664664446646665
6666466646664664446636666
666646664666466444646666
6666466646664664436646666
666646664666466436666
66664666466646643666466
6666466646664664366646664
666646664666466436664665
6666466646664664366646646
6666466646664664366644666
666646664666466436663666
6666466646664664366636665
6666466646664664366626666
66664666466646643664666
666646664666466436646665
6666466646664664366466646
6666466646664664366466466
6666466646664664366446666
666646664666466436636666
66664666466646643646666
6666466646664664364666466
6666466646664664364664666
666646664666466426646666
6666466646664663666
66664666466646636665
666646664666466366646
6666466646664663666466644
666646664666466366646663
6666466646664663666466626
66664666466646636664664
666646664666466366646636
6666466646664663666466365
6666466646664663666466266
6666466646664663666465
66664666466646636664646
6666466646664663666464466
666646664666466366646366
6666466646664663666463665
6666466646664663666462666
66664666466646636664466
6666466646664663666446466
6666466646664663666444666
6666466646664663666366
666646664666466366636664
6666466646664663666366645
6666466646664663666366636
66664666466646636663665
666646664666466366636646
666646664666466366636466
6666466646664663666364665
6666466646664663666363666
666646664666466366634666
6666466646664663666346665
66664666466646636662666
666646664666466366626665
6666466646664663666266646
6666466646664663666266466
6666466646664663666264666
6666466646664663666246666
66664666466646636644666
666646664666466366446665
6666466646664663664466646
6666466646664663664464666
6666466646664663664446666
666646664666466366436666
6666466646664663663666
66664666466646636636665
666646664666466366366646
6666466646664663663666465
6666466646664663663666366
666646664666466366366466
6666466646664663663636666
666646664666466366346666
66664666466646636626666
6666466646664663662666466
6666466646664663662664666
6666466646664663662646666
666646664666466364666
6666466646664663646665
66664666466646636466646
6666466646664663646664664
666646664666466364666465
6666466646664663646664466
666646664666466364666366
6666466646664663646663665
6666466646664663646662666
66664666466646636466466
6666466646664663646646664
666646664666466364664665
6666466646664663646646646
6666466646664663646626666
6666466646664663646446666
666646664666466364636666
66664666466646636446666
6666466646664663644666466
6666466646664663644664666
6666466646664663644646666
6666466646664663636666
666646664666466363666466
6666466646664663636664665
6666466646664663636663666
666646664666466363664666
6666466646664663636646665
6666466646664663636636666
666646664666466363646666
6666466646664663626664666
6666466646664663626646666
666646664666466346666
66664666466646634666466
6666466646664663466646664
666646664666466346664665
6666466646664663466646646
6666466646664663466644666
666646664666466346663666
6666466646664663466636665
6666466646664663466626666
66664666466646634664666
666646664666466346646665
6666466646664663466466646
6666466646664663466466466
6666466646664663466446666
666646664666466346636666
66664666466646634646666
6666466646664663464666466
6666466646664663464664666
6666466646664663446664666
6666466646664663446646666
666646664666466336664666
66664666466646626666
6666466646664662666466
666646664666466266646664
6666466646664662666466645
6666466646664662666466636
66664666466646626664665
666646664666466266646646
6666466646664662666466465
6666466646664662666466366
6666466646664662666463666
666646664666466266644666
6666466646664662666446665
6666466646664662666436666
66664666466646626663666
666646664666466266636665
6666466646664662666366646
6666466646664662666366466
6666466646664662666364666
6666466646664662666346666
666646664666466266626666
6666466646664662664666
66664666466646626646665
666646664666466266466646
6666466646664662664666465
6666466646664662664666366
666646664666466266466466
6666466646664662664664665
6666466646664662664663666
6666466646664662664636666
666646664666466266446666
66664666466646626636666
6666466646664662663666466
6666466646664662663664666
6666466646664662663646666
6666466646664662646666
6666466646664662646663666
666646664666466264664666
6666466646664662646646665
6666466646664662646636666
6666466646664662636646666
6666466646664661646664666
6666466646664661646646666
6666466646664661466646666
66664666466646446666
6666466646664644666466
666646664666464466646664
66664666466646446664665
6666466646664644666466366
6666466646664644666463666
666646664666464466644666
6666466646664644666446665
6666466646664644666436666
66664666466646446663666
666646664666464466636665
6666466646664644666366466
6666466646664644666364666
666646664666464466626666
6666466646664644664666
66664666466646446646665
666646664666464466466646
6666466646664644664666465
666646664666464466466466
6666466646664644664664665
6666466646664644664663666
66664666466646446636666
6666466646664644663666466
6666466646664644663664666
6666466646664644663646666
6666466646664644646666
666646664666464464666466
6666466646664644646663666
666646664666464464664666
6666466646664644636664666
666646664666464446664666
6666466646664644466646665
6666466646664644466636666
666646664666464446646666
6666466646664644366646666
66664666466646436664666
666646664666464366646665
6666466646664643666466646
6666466646664643666466466
6666466646664643666446666
666646664666464366636666
6666466646664643646646666
6666466646664643466646666
666646664666464266646666
6666466646664636666
666646664666463666466
66664666466646366646664
6666466646664636664666464
666646664666463666466645
6666466646664636664666446
6666466646664636664666266
6666466646664636664665
666646664666463666466366
6666466646664636664663665
6666466646664636664644666
666646664666463666463666
6666466646664636664636665
6666466646664636664626666
66664666466646366644666
666646664666463666446665
6666466646664636664466646
6666466646664636664466466
6666466646664636664464666
6666466646664636664446666
666646664666463666436666
6666466646664636663666
66664666466646366636665
666646664666463666366646
6666466646664636663666465
6666466646664636663666366
666646664666463666366466
6666466646664636663664665
6666466646664636663663666
666646664666463666364666
666646664666463666346666
66664666466646366626666
6666466646664636662666466
6666466646664636662664666
666646664666463664666
6666466646664636646665
66664666466646366466646
6666466646664636646664664
666646664666463664666465
6666466646664636646664646
6666466646664636646664466
666646664666463664666366
6666466646664636646663665
6666466646664636646662666
66664666466646366466466
6666466646664636646646664
666646664666463664664665
6666466646664636646646646
6666466646664636646644666
666646664666463664663666
66664666466646366446666
6666466646664636644666466
6666466646664636644646666
6666466646664636636666
666646664666463663666466
6666466646664636636664665
6666466646664636636663666
6666466646664636446664666
666646664666463636664666
6666466646664636366646665
6666466646664636366636666
666646664666463636646666
6666466646664636266646666
66664666466646346664666
666646664666463466646665
6666466646664634666466646
6666466646664634666466466
6666466646664634666446666
666646664666463466636666
6666466646664634646646666
666646664666463366646666
666646664666462646664666
666646664666462646646666
666646664666462466646666
66664666466646166646666
6666466646664616664666466
6666466646664616646664666
6666466646664616646646666
666646664666446666
66664666466644666466
6666466646664466646664
66664666466644666466645
666646664666446664666446
6666466646664466646664465
6666466646664466646664366
66664666466644666466636
6666466646664466646663664
666646664666446664666365
6666466646664466646663646
6666466646664466646663466
666646664666446664666266
6666466646664466646662665
6666466646664466646661666
666646664666446664665
6666466646664466646646
6666466646664466646646663
666646664666446664664664
6666466646664466646646645
6666466646664466646646636
66664666466644666466465
666646664666446664664646
6666466646664466646646366
666646664666446664664466
6666466646664466646644665
66664666466644666466366
6666466646664466646636664
666646664666446664663665
6666466646664466646636646
6666466646664466646636466
6666466646664466646634666
666646664666446664662666
6666466646664466646626665
6666466646664466646616666
666646664666446664644666
66664666466644666463666
6666466646664466646366466
6666466646664466644666
666646664666446664466466
6666466646664466644664665
6666466646664466644663666
666646664666446664464666
6666466646664466644646665
6666466646664466644636666
666646664666446664446666
666646664666446663666
6666466646664466636665
666646664666446663666366
6666466646664466636663665
66664666466644666366466
6666466646664466636646664
666646664666446663664665
6666466646664466636646646
6666466646664466636644666
666646664666446663663666
6666466646664466636636665
6666466646664466636626666
66664666466644666364666
666646664666446663646665
6666466646664466636466646
6666466646664466636466466
6666466646664466636446666
666646664666446663636666
66664666466644666346666
6666466646664466634666466
6666466646664466634664666
6666466646664466626666
666646664666446662666466
6666466646664466626664665
666646664666446662664666
6666466646664466626646665
6666466646664466626636666
666646664666446662646666
66664666466644664666
666646664666446646665
6666466646664466466646
66664666466644664666465
666646664666446646664646
666646664666446646664466
6666466646664466466643666
6666466646664466466466
666646664666446646646664
6666466646664466466466645
6666466646664466466466636
66664666466644664664665
6666466646664466466466366
6666466646664466466463666
666646664666446646644666
6666466646664466466446665
6666466646664466466436666
66664666466644664663666
666646664666446646636665
6666466646664466466366646
6666466646664466466364666
6666466646664466466346666
666646664666446646626666
6666466646664466446666
666646664666446644666466
6666466646664466446664665
6666466646664466446663666
666646664666446636666
66664666466644663666466
6666466646664466366646664
666646664666446636664665
6666466646664466366626666
66664666466644663646666
6666466646664466364666466
6666466646664466346664666
6666466646664466346646666
666646664666446626664666
6666466646664466266646665
6666466646664466266636666
6666466646664466166646666
666646664666446446664666
666646664666446446646666
66664666466644636664666
666646664666446366646665
6666466646664463666466646
6666466646664463666446666
666646664666446366636666
66664666466644636646666
6666466646664463664666466
6666466646664463664664666
6666466646664463646664666
6666466646664463466646666
