666646666 666636666 666646666
666646664466646666
66664666466644344666466646666
666646664664666466466646666
666646664664464464466466646666
666646664663366466646666
6666466646636446366466646666
66664666464466446466646666
6666466644664466646666
6666466644666336664466646666
66664666446466464466646666
666646664446664466644466646666
666646664366636663466646666
66664666366366646666
666646663666346643666366646666
666646663664663366466366646666
6666466636644664466366646666
666646663646646366646666
666646663636664466636366646666
66664666363666366636366646666
666646663466636636664366646666
6666466634664664664366646666
66664666 666646646666 66646666
66664664666464346466646646666
66664664664644646646646666
666646646646446644646646646666
6666466466463663646646646666
666646646636636646646666
6666466466366446636646646666
666646644666446644666446646666
66664664466466466446646666
666646644646664466646446646666
666646636664466636646666
66664663666366366636646666
66664663663666366636636646666
666646446646664466646644646666
666646366646636636646663646666
666646366636664466636663646666
6666463664666446664663646666
666646366466636636664663646666
6666446664664666446666
66664466646644664666446666
6666446664663663664666446666
666644666446646646644666446666
666644666366636636663666446666
66664466466644666466446666
666644646664664466466646446666
666644466646664466646664446666
6666436646664664666466346666
666636664666436634666466636666
66663666466366366466636666
66663666463666366636466636666
66663666366644666366636666
6666366636663663666366636666
666636663466646646664366636666
666636646664466646636666
666636646664663366466646636666
66663664666366366646636666
666636646636664466636646636666
666636636646664466646636636666
666636466646636636646664636666
6666364664666446664664636666
666636366646664466646663636666
6666346646664664666466436666
666466646646664666
66646664666464346466646664666
6664666466643663466646664666
666466646663663366366646664666
666466646663636636366646664666
6664666466446646664666
66646664664666466646646664666
6664666466463663646646664666
666466646636636646664666
6664666466366446636646664666
666466646366636663646664666
666466644646664466646446664666
66646663666366366636664666
666466636663646646366636664666
666466636646636636646636664666
66646663663666366636636664666
6664666346664664666436664666
6664664666446664664666
6664664666466336646664664666
66646646664466446664664666
6664664663666446663664664666
666466466366636636663664664666
66646644666466466644664666
666466446646664466646644664666
666466366646636636646663664666
666466366636664466636663664666
666464466646664466646664464666
6664636664666446664666364666
66644666466644666466644666
666446664666446644666466644666
666446664466646646664466644666
666446646646664466646646644666
666366646664466646663666
6663666466644664466646663666
666366636646664466646636663666
666366466646646664663666
666366366646664466646663663666
666364666466636636664666463666
6663466646664664666466643666
6646664666466336646664666466
664666466646446644646664666466
66466646664466446664666466
664666466644646646446664666466
664666466636636664666466
6646664666364664636664666466
664666466466464464664664666466
664666466446646646644664666466
664666446664664466466644666466
6646646664664666466466
66466466466644666466466466
664664664666446644666466466466
664664664466646646664466466466
664664466646664466646664466466
6646636664666446664666366466
664466646664664466466646664466
664466466466646646664664664466
664464666466646646664666464466
6636664666466446646664666366
663666466646636636646664666366
663666366466646646664663666366
6636646646664664666466466366
6636466646664664666466646366
6466646664664666466646
64666466646644664666466646
646646664666446644666466646646
6466466646663663666466646646
64664664666466466646646646
64646664666466466646664646
644666466466646646664664666446
644664666466646646664666466446
6366646646664664666466466636
466646664666446644666466646664
46664664666466466646646664
46646664666466466646664664
466466646664664466466646664664
464666466466646646664664666464
464664666466646646664666466464
